[[0.00914 0.0088  0.00857 0.00848 0.00847 0.00848 0.00857 0.00863 0.00874
  0.00873 0.00878 0.00877 0.00878 0.00876 0.00867 0.00865 0.00859 0.00854
  0.00851 0.00841 0.00841 0.00834 0.00832 0.00818 0.00825 0.00824 0.00825
  0.00826 0.00827 0.00833 0.00832 0.00833 0.00839 0.00836 0.00843 0.00847
  0.00854 0.00853 0.0086  0.00867 0.00869 0.00882 0.00889 0.00885 0.00887
  0.00902 0.0091  0.00914 0.00922 0.00929 0.00935 0.00946 0.0095  0.00947
  0.00953 0.00958 0.00959 0.00968 0.00971 0.00974 0.00977 0.00979 0.00987
  0.00985 0.00992 0.00981 0.00995 0.00999 0.01003 0.01012 0.0101  0.01015
  0.0101  0.01016 0.01024 0.0102  0.01024 0.01027 0.01034 0.01036 0.01043
  0.01048 0.01054 0.01057 0.01064 0.01066 0.01067 0.01072 0.01074 0.01084
  0.0108  0.0108  0.01084 0.01081 0.01082 0.01084 0.01076 0.01072 0.01074
  0.01079 0.01071 0.01079 0.01068 0.01081 0.01073 0.01077 0.01076 0.01087
  0.01082 0.01088 0.0109  0.01097 0.01102 0.01109 0.01108 0.01123 0.0113
  0.01141 0.01152 0.01162 0.01174 0.01179 0.01196 0.01215 0.01228 0.01249
  0.01269 0.01287 0.01312 0.01332 0.0136  0.01378 0.01403 0.0143  0.01459
  0.01492 0.01514 0.01538 0.01566 0.01604 0.01633 0.01664 0.01693 0.01727
  0.0176  0.01792 0.01831 0.01859 0.01895 0.01928 0.01961 0.01998 0.02033
  0.02066 0.02097 0.02134 0.02167 0.02196 0.0223  0.02255 0.02279 0.02305
  0.02334 0.02372 0.02389 0.02408 0.0244  0.02469 0.02499 0.02523 0.02551
  0.02574 0.02598 0.02626 0.02659 0.02677 0.02708 0.02732 0.02752 0.02777
  0.028   0.02826 0.02846 0.02857 0.02894 0.02912 0.0292  0.02939 0.02957
  0.02975 0.02988 0.03001 0.03016 0.03024 0.03039 0.03057 0.03068 0.03071
  0.03085 0.03099 0.03104 0.0311  0.03131 0.0315  0.03163 0.03181 0.03194
  0.03207 0.03228 0.03242 0.03256 0.03271 0.03285 0.03318 0.03339 0.03365
  0.03377 0.03396 0.03403 0.03434 0.03451 0.03457 0.03475 0.03488 0.03489
  0.03492 0.03512 0.03521 0.03533 0.03556 0.0356  0.03572 0.03581 0.03588
  0.03608 0.03614 0.03617 0.03623 0.03621 0.03625 0.03635 0.03629 0.0363
  0.03631 0.03638 0.0364  0.03644 0.0364  0.03643 0.03641 0.03646 0.03654
  0.0365  0.03656 0.03678 0.03677 0.03685 0.03684 0.037   0.03716 0.03723
  0.03738 0.03753 0.03776 0.03792 0.03809 0.03832 0.03845 0.03871 0.03891
  0.03895 0.03904 0.03919 0.03944 0.0396  0.03976 0.03992 0.04001 0.04014
  0.04039 0.0407  0.04095 0.04123 0.04144 0.04164 0.04187 0.04202 0.04206
  0.0421  0.04233 0.04266 0.04286 0.04319 0.04339 0.04371 0.04405 0.04431
  0.04456 0.04502 0.0454  0.04572 0.04602 0.04638 0.04674 0.04708 0.04725
  0.04743 0.04781 0.04813 0.04857 0.04925 0.04975 0.0502  0.05058 0.05081
  0.05104 0.05123 0.05138 0.05155 0.0518  0.05195 0.05219 0.05227 0.05246
  0.05278 0.05306 0.05315 0.05325 0.05336 0.05318 0.05307 0.05281 0.05268
  0.05243 0.05216 0.05199 0.05178 0.0516  0.0514  0.05111 0.05085 0.05062
  0.05037 0.05019 0.05001 0.04988 0.04958 0.04926 0.04905 0.04901 0.04885
  0.04887 0.04871 0.04849 0.04829 0.04813 0.04805 0.0478  0.04769 0.04752
  0.04762 0.04745 0.04735 0.0473  0.04717 0.04704 0.047   0.04708 0.04714
  0.04706 0.04686 0.04692 0.04692 0.04701 0.04703 0.04711 0.04715 0.04715
  0.04722 0.04723 0.04719 0.04709 0.04708 0.04714 0.04716 0.04722 0.04726
  0.04715 0.04724 0.04734 0.04734 0.04734 0.04739 0.04747 0.04746 0.04753
  0.04756 0.04773 0.04772 0.04768 0.04767 0.04765 0.04774 0.0476  0.04756
  0.04754 0.04759 0.04756 0.04769 0.04773 0.04785 0.04778 0.04768 0.04787
  0.04785 0.04794 0.04795 0.0481  0.04812 0.04824 0.04821 0.04824 0.04836
  0.04837 0.04842 0.04846 0.04856 0.04873 0.04877 0.04897 0.04901 0.04918
  0.04919 0.04933 0.04953 0.04972 0.04989 0.04997 0.04995 0.05009 0.05007
  0.05013 0.05018 0.05027 0.05023 0.05025 0.05028 0.05033 0.05039 0.05039
  0.05033 0.05022 0.05018 0.05018 0.05015 0.05003 0.05006 0.04999 0.05001
  0.04994 0.04989 0.04986 0.04988 0.0499  0.04969 0.04962 0.04965 0.04947
  0.04944 0.04941 0.04936 0.04925 0.04917 0.04918 0.04915 0.04904 0.04917
  0.04908 0.04893 0.04885 0.04884 0.04862 0.04862 0.04859 0.04857 0.04829
  0.04832 0.04818 0.04792 0.04787 0.04782 0.0477  0.04751 0.04743 0.04729
  0.04708 0.04694 0.04664 0.04652 0.0463  0.04616 0.04603 0.04592 0.04579
  0.04581 0.04566 0.04554 0.04532 0.04519 0.04495 0.04482 0.0445  0.04445
  0.04429 0.04406 0.04397 0.04389 0.04383 0.04374 0.04364 0.04363 0.04355
  0.0435  0.04334 0.04347 0.04343 0.0435  0.04346 0.04349 0.04348 0.04345
  0.04353 0.04347 0.04343 0.04347 0.04344 0.04349 0.04355 0.0436  0.04378
  0.04373 0.04376 0.0439  0.04397 0.04415 0.04429 0.04424 0.04429 0.04432
  0.04422 0.0442  0.04408 0.04401 0.04405 0.04391 0.04387 0.04386 0.04393
  0.04393 0.04377 0.04362 0.04342 0.04317 0.043   0.0428  0.04253 0.04253
  0.04238 0.04206 0.04182 0.04163 0.04126 0.04102 0.04088 0.04069 0.04051
  0.04024 0.03997 0.03976 0.03957 0.03942 0.03909 0.03885 0.0386  0.03837
  0.03814 0.03796 0.03772 0.03757 0.03738 0.03714 0.037   0.03686 0.03668
  0.03641 0.0363  0.03614 0.03595 0.03585 0.0357  0.03556 0.03543 0.03523
  0.03506 0.03496 0.03487 0.03462 0.03453 0.03445 0.03432 0.03423 0.0343
  0.0341  0.034   0.0339  0.03381 0.03372 0.0337  0.03365 0.03374 0.03383
  0.0338  0.03381 0.03381 0.03381 0.03396 0.03398 0.03421 0.03432 0.03435
  0.03458 0.03468 0.03487 0.03489 0.03503 0.03525 0.03531 0.03543 0.03567
  0.0359  0.03616 0.03642 0.03663 0.03698 0.03718 0.03753 0.03782 0.038
  0.03834 0.03865 0.03894 0.03932 0.0397  0.03993 0.04023 0.04036 0.0406
  0.04081 0.04108 0.04118 0.04146 0.04168 0.04182 0.04205 0.0424  0.04255
  0.04282 0.04309 0.04338 0.04374 0.04403 0.04425 0.04453 0.04485 0.04513
  0.04542 0.04575 0.04584 0.04602 0.04629 0.0466  0.04692 0.04707 0.04725
  0.04751 0.04779 0.04798 0.04818 0.04849 0.04871 0.04893 0.04909 0.0494
  0.04973 0.04996 0.0502  0.05064 0.05091 0.05133 0.05165 0.05186 0.05217
  0.05249 0.05272 0.05288 0.05312 0.0534  0.05365 0.05391 0.05423 0.05459
  0.05498 0.05533 0.05559 0.05572 0.05596 0.05625 0.05656 0.05689 0.05723
  0.05746 0.05786 0.05804 0.05833 0.05866 0.05895 0.05914 0.05936 0.05948
  0.05984 0.06019 0.06062 0.06084 0.06113 0.06138 0.06158 0.06164 0.06175
  0.06191 0.06217 0.06254 0.06286 0.06329 0.06369 0.06394 0.0642  0.06448
  0.06482 0.06514 0.06529 0.06566 0.06588 0.06628 0.06648 0.06671 0.06695
  0.06723 0.06751 0.06765 0.06782 0.06801 0.06816 0.06833 0.06853 0.06874
  0.06887 0.06897 0.06921 0.06942 0.06971 0.07001 0.0703  0.07063 0.0709
  0.07105 0.07134 0.07155 0.07176 0.0719  0.07204 0.07219 0.07252 0.07266
  0.07283 0.0731  0.07325 0.07351 0.07367 0.07378 0.07396 0.0742  0.07431
  0.07452 0.07464 0.07487 0.075   0.07516 0.07537 0.07554 0.07562 0.07583
  0.07567 0.07567 0.07563 0.07586 0.07582 0.07592 0.07611 0.0762  0.07645
  0.07651 0.07664 0.07666 0.07673 0.07683 0.0768  0.07689 0.07691 0.07695
  0.07705 0.07712 0.07723 0.07738 0.07746 0.07749 0.07751 0.07744 0.07743
  0.07741 0.07747 0.07734 0.07733 0.07725 0.07741 0.07738 0.07743 0.0775
  0.07741 0.07745 0.07711 0.07712 0.07708 0.07682 0.07702 0.07695 0.07689
  0.07679 0.0767  0.07661 0.07653 0.07647 0.07636 0.07636 0.07631 0.07624
  0.07627 0.07622 0.07605 0.07581 0.07563 0.07534 0.07516 0.07476 0.07448
  0.07407 0.07378 0.07341 0.07305 0.07268 0.07235 0.07202 0.07159 0.0713
  0.07101 0.07075 0.07033 0.07022 0.06988 0.06952 0.06918 0.0687  0.06851
  0.06823 0.06797 0.06772 0.06729 0.06684 0.06629 0.06589 0.06543 0.06515
  0.06497 0.06475 0.06456 0.0643  0.06395 0.06379 0.06349 0.06326 0.06287
  0.06262 0.06225 0.06196 0.06158 0.06128 0.0608  0.06044 0.06006 0.05967
  0.05928 0.05884 0.05856 0.05816 0.05805 0.05784 0.05778 0.05763 0.05746
  0.05724 0.05711 0.05701 0.05683 0.05659 0.05636 0.05608 0.05593 0.05567
  0.05536 0.05526 0.05505 0.05493 0.05493 0.05492 0.05486 0.05481 0.05485
  0.05489 0.05483 0.05485 0.05491 0.05473 0.05456 0.05434 0.05412 0.05398
  0.05369 0.05347 0.05342 0.05311 0.05293 0.05264 0.05258 0.05275 0.0527
  0.05279 0.05276 0.05288 0.0528  0.05277 0.0528  0.05278 0.05272 0.05269
  0.0525  0.05239 0.05228 0.0522  0.05211 0.05197 0.05192 0.05168 0.05163
  0.05153 0.05156 0.0516  0.05152 0.05168 0.05166 0.05164 0.05169 0.05171
  0.05175 0.05186 0.05189 0.05196 0.052   0.0521  0.05202 0.05212 0.05211
  0.05226 0.05218 0.05225 0.05229 0.05229 0.05238 0.05251 0.05244 0.05239
  0.05232 0.05234]
 [0.00818 0.00795 0.00776 0.00761 0.00746 0.00727 0.00719 0.00709 0.00711
  0.00709 0.00704 0.00697 0.00698 0.00694 0.00689 0.00694 0.00687 0.00696
  0.00686 0.00681 0.0069  0.00692 0.00688 0.00698 0.00695 0.007   0.00704
  0.00703 0.00698 0.00706 0.00708 0.00716 0.00717 0.00721 0.00719 0.0073
  0.00737 0.0073  0.00739 0.00741 0.00749 0.00751 0.00755 0.00765 0.00754
  0.00763 0.00773 0.00777 0.00773 0.00775 0.00788 0.00791 0.00794 0.00798
  0.00803 0.00812 0.00809 0.00809 0.00816 0.0082  0.00836 0.00824 0.0083
  0.00829 0.00837 0.00841 0.00845 0.00849 0.00857 0.00866 0.00866 0.00872
  0.00887 0.00892 0.00898 0.00909 0.00911 0.00928 0.00926 0.00931 0.00939
  0.0095  0.00958 0.00962 0.00982 0.00992 0.00997 0.01009 0.01019 0.01035
  0.01045 0.0106  0.01074 0.01082 0.0109  0.01107 0.01128 0.0114  0.01152
  0.01159 0.01175 0.01183 0.01206 0.01216 0.01222 0.01235 0.01239 0.01254
  0.01275 0.01277 0.01295 0.01295 0.01323 0.01342 0.01344 0.01347 0.01362
  0.01375 0.01393 0.01397 0.01411 0.01419 0.01433 0.01441 0.01456 0.01466
  0.01481 0.01493 0.01502 0.01509 0.01523 0.01531 0.01545 0.01547 0.01557
  0.01573 0.01578 0.01586 0.01595 0.01605 0.01613 0.01628 0.01633 0.01656
  0.01653 0.0167  0.01685 0.01693 0.01704 0.01733 0.0174  0.01767 0.0178
  0.01802 0.01817 0.01839 0.01868 0.01886 0.01909 0.01936 0.01963 0.01977
  0.02    0.02016 0.02036 0.0206  0.02082 0.02105 0.02127 0.02151 0.02179
  0.02205 0.02226 0.02251 0.02283 0.02311 0.02337 0.02357 0.02386 0.02418
  0.02448 0.02489 0.02501 0.02531 0.02556 0.0259  0.02618 0.02639 0.02671
  0.02703 0.02739 0.02775 0.02807 0.02843 0.02878 0.02912 0.02945 0.0298
  0.03009 0.0304  0.03073 0.03123 0.03142 0.03177 0.03204 0.03238 0.03264
  0.03293 0.03322 0.0336  0.03396 0.03436 0.03469 0.03502 0.03536 0.03569
  0.03617 0.03657 0.03678 0.03719 0.0375  0.03779 0.03811 0.03843 0.03875
  0.03912 0.03943 0.03972 0.04003 0.04042 0.04063 0.04097 0.04122 0.04153
  0.0419  0.04229 0.04255 0.04288 0.04327 0.0437  0.04394 0.04429 0.04461
  0.04494 0.04519 0.0455  0.04569 0.04597 0.0461  0.04634 0.0466  0.04668
  0.04693 0.04707 0.04742 0.0476  0.04778 0.04812 0.04823 0.04829 0.04852
  0.04877 0.049   0.04926 0.04952 0.04963 0.04995 0.05008 0.05027 0.0505
  0.05065 0.05087 0.05113 0.05141 0.05148 0.05175 0.05184 0.052   0.05223
  0.0524  0.05232 0.05244 0.05248 0.0526  0.0528  0.05282 0.05297 0.05306
  0.05311 0.05314 0.05313 0.053   0.0529  0.0528  0.05263 0.05236 0.05232
  0.05217 0.05209 0.05195 0.05169 0.05152 0.05139 0.05135 0.05113 0.05079
  0.05059 0.05043 0.05033 0.05022 0.05003 0.04976 0.04957 0.04922 0.04919
  0.04905 0.04897 0.04887 0.04863 0.04856 0.04845 0.04834 0.0482  0.0482
  0.04832 0.04838 0.0485  0.04874 0.0488  0.04907 0.04918 0.04939 0.04953
  0.0498  0.05005 0.05017 0.05024 0.05043 0.05085 0.05117 0.05143 0.0518
  0.0522  0.05248 0.05281 0.05313 0.05339 0.05362 0.05384 0.05414 0.05456
  0.05483 0.05521 0.05541 0.0558  0.05613 0.05634 0.05646 0.05663 0.05685
  0.05716 0.05735 0.05765 0.05789 0.05821 0.05842 0.05863 0.05882 0.0591
  0.05938 0.05951 0.05961 0.05969 0.05975 0.05997 0.06011 0.06018 0.06026
  0.06032 0.06042 0.06043 0.06031 0.06043 0.06068 0.06056 0.06074 0.06089
  0.06094 0.06099 0.06104 0.06095 0.06068 0.06039 0.06022 0.06002 0.05983
  0.05956 0.05947 0.05924 0.05889 0.0587  0.05833 0.058   0.05748 0.05701
  0.05684 0.05647 0.05624 0.05592 0.05562 0.05523 0.05488 0.05467 0.05418
  0.05398 0.05362 0.05333 0.05301 0.05277 0.0523  0.05196 0.05152 0.05119
  0.05082 0.05046 0.05001 0.04957 0.04902 0.04871 0.0483  0.0479  0.04745
  0.04717 0.04666 0.04636 0.04601 0.04555 0.04504 0.04458 0.04416 0.04374
  0.04341 0.04317 0.04268 0.04231 0.04192 0.04164 0.04126 0.04093 0.04056
  0.04022 0.03982 0.03959 0.0392  0.03894 0.03862 0.03826 0.03796 0.03765
  0.03743 0.03717 0.03698 0.03679 0.03662 0.0363  0.03614 0.03609 0.03608
  0.03599 0.03586 0.03583 0.03563 0.03561 0.03549 0.03553 0.03542 0.0353
  0.03523 0.03516 0.03511 0.03498 0.0349  0.03478 0.03482 0.03464 0.0345
  0.0344  0.03426 0.03404 0.03398 0.03389 0.03383 0.0338  0.03366 0.03353
  0.03338 0.03329 0.03322 0.03316 0.03306 0.03298 0.03288 0.03287 0.03272
  0.03259 0.03245 0.03244 0.03223 0.03213 0.03199 0.03183 0.03176 0.03161
  0.03152 0.03146 0.03139 0.03119 0.03123 0.03128 0.03108 0.03101 0.03082
  0.03083 0.03077 0.03059 0.03051 0.03052 0.03041 0.0303  0.03013 0.02988
  0.02985 0.02976 0.02962 0.02954 0.02948 0.02941 0.0293  0.02912 0.02905
  0.02907 0.02907 0.02903 0.02892 0.02907 0.02895 0.02898 0.02892 0.02892
  0.02883 0.02884 0.02871 0.02872 0.02856 0.02863 0.02852 0.02859 0.0285
  0.02845 0.02848 0.02842 0.02839 0.02829 0.02834 0.02823 0.02816 0.02803
  0.02795 0.02782 0.02767 0.02752 0.02737 0.02722 0.02701 0.02702 0.02685
  0.02679 0.02677 0.02659 0.02653 0.02641 0.02619 0.02619 0.02601 0.02591
  0.02572 0.02567 0.02558 0.0255  0.02532 0.02521 0.02512 0.0251  0.02503
  0.02489 0.02477 0.02472 0.02464 0.02463 0.02446 0.02442 0.02428 0.02425
  0.02408 0.02395 0.02384 0.02369 0.02348 0.02334 0.02326 0.02316 0.02304
  0.02286 0.02283 0.02265 0.02258 0.02251 0.02248 0.02233 0.0223  0.02222
  0.02222 0.02207 0.022   0.02185 0.02173 0.02169 0.0216  0.02154 0.02145
  0.0214  0.02138 0.02134 0.02127 0.02119 0.02113 0.02102 0.02103 0.02095
  0.02094 0.0209  0.02088 0.02077 0.02074 0.02074 0.02074 0.02071 0.02078
  0.02074 0.02076 0.0208  0.02079 0.02084 0.02075 0.02086 0.02088 0.02085
  0.02084 0.02086 0.02092 0.02094 0.02094 0.02083 0.02095 0.0209  0.02093
  0.02093 0.02092 0.02098 0.02105 0.02101 0.021   0.02108 0.02109 0.02109
  0.02111 0.02118 0.02122 0.02113 0.02121 0.0212  0.02124 0.0213  0.02133
  0.02136 0.02141 0.02142 0.02154 0.02152 0.02156 0.02162 0.02159 0.02163
  0.02161 0.02161 0.0218  0.02177 0.02181 0.02191 0.02201 0.02204 0.02215
  0.02223 0.02227 0.02225 0.02231 0.02242 0.02242 0.02249 0.02252 0.02261
  0.02269 0.02273 0.02282 0.02279 0.02293 0.02294 0.02306 0.02322 0.02328
  0.02333 0.02346 0.02356 0.02355 0.02377 0.02379 0.02389 0.02407 0.02419
  0.02437 0.02433 0.02451 0.02455 0.02463 0.02478 0.02488 0.02491 0.025
  0.02514 0.02522 0.0254  0.02555 0.02563 0.02578 0.0257  0.02592 0.02601
  0.02613 0.02627 0.02627 0.02662 0.02663 0.02679 0.02692 0.02699 0.02713
  0.02724 0.02735 0.0274  0.02748 0.02757 0.0277  0.02787 0.02799 0.02806
  0.0282  0.02837 0.02842 0.02862 0.02872 0.02897 0.02906 0.02913 0.02925
  0.02935 0.02956 0.02965 0.02974 0.0299  0.02994 0.03015 0.0302  0.03028
  0.03028 0.03043 0.03063 0.03061 0.03077 0.03091 0.03102 0.03101 0.03114
  0.03122 0.03126 0.03141 0.03165 0.0317  0.03182 0.03201 0.03209 0.03217
  0.03227 0.03243 0.03243 0.03251 0.03268 0.03285 0.03304 0.0332  0.03328
  0.03339 0.03357 0.03364 0.03374 0.03369 0.03392 0.03412 0.03422 0.03434
  0.0344  0.03457 0.03467 0.03467 0.03488 0.03486 0.03503 0.03519 0.03525
  0.03541 0.0356  0.03569 0.036   0.03612 0.03632 0.03653 0.03661 0.03678
  0.03705 0.03708 0.03725 0.03741 0.03759 0.03771 0.03786 0.03801 0.03825
  0.0384  0.03874 0.03876 0.03908 0.03919 0.03943 0.03963 0.03969 0.03981
  0.03994 0.04012 0.04031 0.04038 0.04056 0.04072 0.04079 0.04102 0.04116
  0.04145 0.0417  0.04187 0.04219 0.04242 0.0426  0.04298 0.04324 0.04341
  0.04354 0.04362 0.04379 0.0439  0.04406 0.0443  0.04452 0.04483 0.04513
  0.04538 0.04568 0.04595 0.04606 0.04624 0.04651 0.04665 0.04683 0.04704
  0.04711 0.04736 0.04744 0.04758 0.04777 0.0479  0.04798 0.04809 0.04828
  0.04844 0.04865 0.04885 0.04892 0.04919 0.04943 0.04945 0.04965 0.04981
  0.04995 0.05011 0.05022 0.05049 0.05078 0.05093 0.05111 0.05139 0.05165
  0.0519  0.05215 0.05241 0.05243 0.05279 0.05295 0.0531  0.0533  0.05338
  0.05367 0.05381 0.05406 0.05421 0.05441 0.05467 0.05508 0.0553  0.05566
  0.05604 0.05632 0.05659 0.0567  0.05693 0.05718 0.05732 0.05746 0.05767
  0.05785 0.05804 0.05821 0.05842 0.05861 0.05876 0.05886 0.05906 0.05929
  0.05943 0.05952 0.05967 0.05987 0.05995 0.0601  0.06025 0.06054 0.06061
  0.06097 0.06116 0.06139 0.06167 0.06189 0.06218 0.06249 0.06276 0.06301
  0.06329 0.06345 0.06374 0.06406 0.0643  0.06457 0.06481 0.06509 0.06532
  0.06557 0.0657  0.06586 0.06622 0.06638 0.06651 0.06672 0.06697 0.06711
  0.06727 0.06753 0.06775 0.06802 0.06828 0.06854 0.06866 0.06877 0.06886
  0.06911 0.06923]
 [0.008   0.00774 0.0075  0.00734 0.00731 0.00712 0.00717 0.00714 0.00717
  0.00717 0.00721 0.00716 0.00719 0.00723 0.00732 0.0074  0.00742 0.00737
  0.00743 0.00744 0.00751 0.00747 0.00741 0.00733 0.00733 0.00734 0.00732
  0.0074  0.00746 0.00747 0.00748 0.00753 0.00759 0.00759 0.00751 0.00754
  0.00757 0.00752 0.00754 0.00753 0.0076  0.00764 0.0076  0.00755 0.00758
  0.00763 0.00767 0.00761 0.0076  0.00767 0.00765 0.00771 0.00781 0.00788
  0.00794 0.00799 0.00802 0.00811 0.00819 0.0083  0.0083  0.00846 0.00856
  0.00872 0.00881 0.00899 0.00919 0.00931 0.00945 0.0096  0.00974 0.00985
  0.00995 0.01006 0.01012 0.01017 0.01041 0.01053 0.01064 0.0108  0.01089
  0.01109 0.01121 0.01143 0.01165 0.01177 0.01194 0.01208 0.01237 0.01249
  0.0127  0.01294 0.01316 0.01341 0.01358 0.01376 0.01408 0.01419 0.01445
  0.0146  0.01483 0.01504 0.01525 0.01547 0.01559 0.01581 0.01601 0.01617
  0.01641 0.01664 0.01684 0.01712 0.0174  0.01762 0.0179  0.01813 0.01842
  0.01867 0.01887 0.01916 0.01944 0.01963 0.0198  0.02011 0.02049 0.02074
  0.02105 0.02123 0.02151 0.02177 0.02192 0.0222  0.02245 0.02271 0.02292
  0.02306 0.02315 0.02335 0.02359 0.02381 0.02398 0.02407 0.02418 0.02439
  0.02449 0.0247  0.02482 0.02494 0.02511 0.02525 0.02536 0.02539 0.0255
  0.0256  0.02564 0.02567 0.02575 0.02582 0.02606 0.02605 0.02603 0.02604
  0.02615 0.02624 0.02619 0.02617 0.02627 0.02623 0.02631 0.02644 0.02648
  0.0266  0.02665 0.02677 0.02683 0.02691 0.02696 0.02696 0.02697 0.02702
  0.0271  0.02712 0.0271  0.02714 0.02715 0.02721 0.02723 0.02731 0.02738
  0.02747 0.02754 0.02758 0.02763 0.02768 0.02776 0.02769 0.02783 0.02782
  0.02788 0.02787 0.02789 0.02791 0.02797 0.02812 0.02811 0.02823 0.02841
  0.02854 0.02867 0.02882 0.02893 0.029   0.02914 0.02921 0.02928 0.02942
  0.02957 0.02975 0.02991 0.03002 0.03032 0.03028 0.03061 0.03091 0.03122
  0.03149 0.03171 0.03191 0.0322  0.03245 0.03263 0.03293 0.03307 0.03339
  0.03349 0.03363 0.03393 0.03402 0.03424 0.0343  0.03449 0.03465 0.03483
  0.03503 0.03533 0.0356  0.03575 0.036   0.03632 0.03656 0.0368  0.03705
  0.03727 0.03744 0.03778 0.03806 0.03834 0.03871 0.03887 0.03909 0.03932
  0.0394  0.03966 0.03991 0.04015 0.04024 0.04038 0.04056 0.04063 0.04082
  0.0409  0.04098 0.04097 0.04089 0.04086 0.04075 0.04076 0.04072 0.04065
  0.04042 0.0403  0.0401  0.03981 0.03952 0.03927 0.03906 0.03885 0.03842
  0.03793 0.03745 0.03698 0.03648 0.03606 0.03557 0.035   0.03445 0.03396
  0.03346 0.03305 0.0326  0.03211 0.03167 0.03117 0.03065 0.02999 0.02966
  0.02921 0.02866 0.02823 0.02761 0.0271  0.0268  0.02632 0.02601 0.02576
  0.02548 0.02508 0.02482 0.02439 0.02408 0.02381 0.02345 0.02329 0.02288
  0.02269 0.02242 0.0221  0.02189 0.02157 0.02138 0.02109 0.02078 0.02063
  0.02037 0.0202  0.01998 0.01968 0.01943 0.01916 0.01893 0.01874 0.01855
  0.01845 0.01822 0.01811 0.018   0.01788 0.01787 0.01783 0.01782 0.01771
  0.01768 0.01762 0.01756 0.01752 0.01746 0.01744 0.01736 0.01743 0.01749
  0.01734 0.01733 0.01744 0.01745 0.01744 0.01754 0.01755 0.01756 0.01767
  0.01776 0.01774 0.01791 0.01792 0.01798 0.01804 0.0181  0.0181  0.01825
  0.01833 0.01843 0.01836 0.01848 0.0186  0.01859 0.01865 0.01866 0.01875
  0.0188  0.01883 0.0189  0.01905 0.01908 0.01917 0.01931 0.01927 0.01936
  0.01945 0.01945 0.01957 0.01963 0.01967 0.01978 0.01981 0.01987 0.02002
  0.02008 0.02012 0.02027 0.02033 0.0204  0.02053 0.02061 0.02065 0.02076
  0.02088 0.02093 0.0211  0.02111 0.0212  0.02137 0.02156 0.02168 0.02175
  0.02186 0.02204 0.02222 0.02231 0.02242 0.02253 0.0226  0.02281 0.02282
  0.02295 0.02307 0.02307 0.02315 0.02322 0.02319 0.02323 0.02332 0.02328
  0.02334 0.02338 0.02345 0.0234  0.0235  0.02343 0.02341 0.02336 0.02339
  0.02325 0.02332 0.02336 0.02331 0.02331 0.02339 0.02338 0.02352 0.02365
  0.0236  0.02372 0.0237  0.02383 0.02375 0.02381 0.02393 0.02392 0.02388
  0.02396 0.02405 0.02402 0.02397 0.02401 0.02411 0.02408 0.024   0.02403
  0.02411 0.0241  0.02405 0.02404 0.02397 0.0239  0.02382 0.02377 0.02376
  0.02381 0.0238  0.02382 0.0238  0.02372 0.02371 0.02371 0.02368 0.02365
  0.02349 0.02344 0.02345 0.02342 0.02332 0.02335 0.02326 0.02324 0.02319
  0.02312 0.02304 0.02299 0.02292 0.0229  0.02272 0.02271 0.02276 0.02262
  0.02252 0.02241 0.02226 0.02219 0.02207 0.02193 0.02178 0.02161 0.02144
  0.02139 0.0213  0.02108 0.02104 0.02093 0.02078 0.02077 0.02074 0.02059
  0.02067 0.02061 0.02052 0.02048 0.02049 0.02055 0.02054 0.02059 0.02062
  0.02064 0.02065 0.02065 0.02069 0.02064 0.02068 0.02068 0.02061 0.02069
  0.0206  0.02064 0.02064 0.02059 0.02066 0.0205  0.0205  0.02041 0.02046
  0.02041 0.02037 0.02035 0.0202  0.02014 0.02013 0.0201  0.02008 0.01997
  0.01988 0.01977 0.0197  0.01964 0.01962 0.01957 0.01933 0.01931 0.01926
  0.01916 0.0192  0.01904 0.01893 0.01893 0.01894 0.01881 0.01883 0.01882
  0.01881 0.01874 0.01878 0.01878 0.01875 0.01883 0.01883 0.01875 0.01877
  0.01874 0.01883 0.01884 0.01879 0.01886 0.01878 0.01874 0.01881 0.01881
  0.01888 0.01875 0.01874 0.01873 0.01877 0.01873 0.01875 0.0188  0.01879
  0.01872 0.01878 0.01877 0.01874 0.01885 0.01885 0.01884 0.0189  0.01896
  0.01899 0.01899 0.01902 0.01911 0.0192  0.01916 0.01913 0.01925 0.01928
  0.01932 0.01935 0.01935 0.01943 0.01955 0.01953 0.01961 0.0196  0.01966
  0.0196  0.0197  0.0198  0.01978 0.01987 0.01987 0.01995 0.01995 0.02008
  0.02002 0.01995 0.02003 0.02007 0.02002 0.02008 0.02005 0.02002 0.02001
  0.0201  0.02005 0.01996 0.02001 0.02001 0.01995 0.01994 0.01986 0.01989
  0.01981 0.01971 0.01967 0.01966 0.01962 0.01968 0.01971 0.01962 0.01956
  0.01951 0.01953 0.01949 0.01943 0.0195  0.01944 0.01945 0.01952 0.01952
  0.01948 0.01957 0.01958 0.01957 0.0197  0.01964 0.0197  0.01978 0.01996
  0.01986 0.01996 0.01993 0.02007 0.02015 0.02024 0.02035 0.02043 0.02045
  0.02061 0.02055 0.02068 0.02076 0.0208  0.02082 0.02089 0.02089 0.02073
  0.02082 0.02082 0.02076 0.02085 0.02089 0.02102 0.02123 0.02112 0.02124
  0.02119 0.0213  0.0213  0.02141 0.02147 0.02161 0.02157 0.02164 0.02168
  0.02162 0.02169 0.02171 0.02164 0.02162 0.02165 0.0216  0.02164 0.02166
  0.02166 0.02165 0.02157 0.02163 0.02158 0.02157 0.02166 0.02164 0.02176
  0.0217  0.02173 0.0219  0.02188 0.02197 0.02207 0.02202 0.02198 0.02191
  0.02198 0.02196 0.02195 0.02198 0.02194 0.02198 0.02202 0.022   0.0221
  0.02213 0.02213 0.0221  0.02212 0.02205 0.02209 0.02197 0.02208 0.0221
  0.0221  0.02217 0.02219 0.02217 0.02222 0.02212 0.0222  0.02213 0.0221
  0.0221  0.02204 0.02197 0.02189 0.02177 0.02181 0.02179 0.0218  0.02179
  0.02191 0.02202 0.02207 0.02216 0.022   0.02194 0.0219  0.02185 0.02169
  0.02178 0.0218  0.02194 0.02193 0.02198 0.0221  0.02217 0.02207 0.02209
  0.02209 0.0222  0.02231 0.02223 0.02216 0.02227 0.02227 0.02233 0.02228
  0.02223 0.02226 0.0222  0.02221 0.02217 0.02215 0.02217 0.02211 0.02198
  0.02204 0.02214 0.02204 0.02204 0.022   0.02202 0.02199 0.02193 0.02194
  0.022   0.02204 0.0221  0.02225 0.02242 0.02258 0.02251 0.02259 0.02238
  0.02238 0.02238 0.02234 0.02231 0.02218 0.0222  0.02215 0.02216 0.02216
  0.02217 0.02203 0.02206 0.02199 0.02194 0.02191 0.02212 0.02212 0.02219
  0.02232 0.02259 0.02266 0.02284 0.02275 0.02278 0.02283 0.02283 0.02272
  0.02279 0.0227  0.02268 0.0227  0.02273 0.02276 0.02276 0.02276 0.02276
  0.0229  0.02291 0.02296 0.02296 0.02321 0.02322 0.02329 0.02339 0.02346
  0.02355 0.02373 0.0237  0.02386 0.02401 0.02418 0.02442 0.0246  0.02483
  0.02511 0.02526 0.02551 0.02566 0.02599 0.0262  0.02642 0.02645 0.02635
  0.02639 0.02638 0.0264  0.02645 0.02649 0.02661 0.02677 0.0268  0.0269
  0.02716 0.02729 0.02733 0.02738 0.02738 0.02748 0.02755 0.02765 0.02771
  0.02775 0.02807 0.02821 0.02843 0.02851 0.02869 0.02888 0.02899 0.02923
  0.02916 0.02931 0.02941 0.02946 0.02962 0.02968 0.02981 0.02987 0.02998
  0.0302  0.03033 0.0305  0.03053 0.03079 0.03099 0.03085 0.03099 0.03098
  0.03091 0.03104 0.03098 0.03105 0.03104 0.03115 0.03133 0.03137 0.03148
  0.03151 0.03167 0.0318  0.03191 0.03204 0.03214 0.03212 0.03226 0.03227
  0.03232 0.03246 0.03252 0.03258 0.03263 0.03266 0.03259 0.03247 0.03247
  0.03249 0.03245 0.03253 0.03256 0.03251 0.03255 0.03275 0.03286 0.03279
  0.03292 0.03303 0.03304 0.03324 0.03327 0.03336 0.03356 0.03359 0.03371
  0.03397 0.03413]
 [0.00731 0.00706 0.00689 0.00678 0.00666 0.00658 0.00655 0.00641 0.00645
  0.00627 0.0063  0.00624 0.00618 0.00619 0.0061  0.00602 0.00597 0.00588
  0.00588 0.00581 0.00571 0.00563 0.00566 0.0056  0.0056  0.00566 0.00563
  0.00561 0.00567 0.00565 0.00567 0.00567 0.00565 0.00571 0.0057  0.00574
  0.00571 0.00573 0.00571 0.00581 0.00576 0.00574 0.00583 0.00584 0.00581
  0.00586 0.00583 0.00582 0.00581 0.0058  0.00585 0.00587 0.0059  0.00595
  0.00593 0.00597 0.00595 0.00599 0.006   0.00605 0.00601 0.00608 0.00615
  0.00614 0.00617 0.0062  0.00631 0.00634 0.00631 0.00639 0.00641 0.00648
  0.0064  0.0065  0.00653 0.00655 0.0066  0.0066  0.00671 0.00671 0.00674
  0.00679 0.00681 0.00687 0.00685 0.00697 0.007   0.007   0.0071  0.00713
  0.00717 0.00724 0.0074  0.00742 0.00755 0.00759 0.00771 0.00776 0.00784
  0.00792 0.00807 0.00812 0.00821 0.00838 0.00853 0.00857 0.00864 0.00878
  0.0089  0.00899 0.00904 0.00923 0.00929 0.00939 0.00957 0.00966 0.00976
  0.00985 0.00991 0.01004 0.01018 0.01023 0.01037 0.01045 0.01058 0.01074
  0.01081 0.01101 0.01112 0.01124 0.01142 0.01157 0.01165 0.01177 0.01184
  0.01186 0.01183 0.01189 0.01198 0.01198 0.01201 0.01213 0.01208 0.0122
  0.01219 0.01222 0.01232 0.0124  0.01239 0.01237 0.01257 0.01268 0.01264
  0.01279 0.01287 0.01293 0.01299 0.01312 0.01312 0.01321 0.01326 0.01331
  0.01343 0.0135  0.01363 0.01371 0.0138  0.01381 0.01396 0.01401 0.01411
  0.0141  0.01423 0.01418 0.01419 0.01428 0.01438 0.0144  0.01449 0.01463
  0.01467 0.01482 0.01488 0.01504 0.01521 0.01531 0.0154  0.01548 0.01559
  0.01566 0.01572 0.01582 0.01595 0.0161  0.01615 0.01624 0.01642 0.01661
  0.01667 0.0168  0.01686 0.01703 0.01721 0.01742 0.01755 0.01775 0.01789
  0.01819 0.01836 0.01859 0.01878 0.01904 0.01927 0.01946 0.01964 0.0197
  0.01993 0.02017 0.02044 0.02059 0.02086 0.02108 0.02143 0.02157 0.02185
  0.02217 0.02244 0.02272 0.02298 0.02331 0.02357 0.02386 0.02421 0.02436
  0.02472 0.02497 0.02525 0.02557 0.0259  0.02608 0.02637 0.02664 0.0269
  0.02707 0.02725 0.02739 0.02759 0.02774 0.02796 0.02818 0.02842 0.02863
  0.0289  0.0291  0.02927 0.02967 0.02994 0.0302  0.0305  0.03078 0.03113
  0.03137 0.03162 0.0319  0.03196 0.03227 0.0325  0.03265 0.03284 0.03306
  0.03327 0.03344 0.03369 0.03378 0.03392 0.03415 0.03428 0.0345  0.03465
  0.03477 0.03478 0.03472 0.03471 0.03473 0.03463 0.03461 0.03464 0.03448
  0.03442 0.03424 0.03391 0.03364 0.0334  0.03309 0.0328  0.03263 0.03238
  0.03201 0.03157 0.03113 0.03075 0.03028 0.02991 0.02951 0.02904 0.02876
  0.02843 0.02803 0.02749 0.02703 0.02675 0.02633 0.02611 0.02581 0.02551
  0.02529 0.02508 0.02482 0.02467 0.02439 0.02424 0.02398 0.02396 0.02366
  0.02358 0.02338 0.02339 0.02333 0.02358 0.02376 0.02382 0.02399 0.02405
  0.02403 0.02404 0.02382 0.02363 0.02334 0.02302 0.02277 0.02259 0.02238
  0.02219 0.02204 0.02192 0.02185 0.02168 0.02145 0.02126 0.0213  0.02117
  0.02122 0.0211  0.02093 0.02094 0.02093 0.0208  0.02068 0.02059 0.02048
  0.02046 0.02043 0.02038 0.02031 0.02012 0.02003 0.02007 0.02011 0.02003
  0.0202  0.02008 0.02021 0.02014 0.02013 0.02014 0.02026 0.02033 0.0203
  0.0202  0.02015 0.02015 0.0201  0.0201  0.02018 0.02006 0.02011 0.02012
  0.02011 0.02007 0.02002 0.01993 0.0198  0.0198  0.01967 0.01956 0.01962
  0.01951 0.01944 0.01933 0.01932 0.01912 0.01907 0.01909 0.01904 0.01895
  0.01887 0.01878 0.01866 0.01861 0.01843 0.0183  0.0182  0.01819 0.01808
  0.01806 0.01794 0.0178  0.01785 0.01777 0.01774 0.01758 0.01766 0.01758
  0.01744 0.01749 0.01749 0.01726 0.01731 0.01729 0.01734 0.01727 0.0172
  0.01707 0.01717 0.01717 0.01714 0.01714 0.01716 0.01716 0.01718 0.01719
  0.01718 0.01719 0.01723 0.01735 0.01728 0.01725 0.0173  0.01721 0.01731
  0.01737 0.01734 0.01733 0.01744 0.01744 0.01736 0.01741 0.0175  0.01748
  0.01752 0.0176  0.01758 0.01766 0.01776 0.0177  0.01784 0.01779 0.01782
  0.01789 0.01794 0.01802 0.01801 0.01805 0.01808 0.01814 0.0181  0.01823
  0.01832 0.01836 0.0184  0.01843 0.01843 0.01858 0.0186  0.01852 0.01863
  0.01865 0.01868 0.01861 0.01869 0.01861 0.01858 0.01861 0.01865 0.01862
  0.01869 0.01871 0.01871 0.01874 0.01876 0.01869 0.01871 0.01877 0.01865
  0.01876 0.01869 0.01884 0.0188  0.01873 0.01886 0.01873 0.0187  0.01862
  0.01872 0.01869 0.01861 0.01872 0.01852 0.01861 0.01845 0.01852 0.01843
  0.01838 0.01834 0.01833 0.01827 0.01817 0.01807 0.01803 0.01787 0.01772
  0.01769 0.01771 0.01757 0.01749 0.01746 0.0174  0.01741 0.01722 0.01724
  0.01712 0.01715 0.01716 0.01717 0.01704 0.01704 0.01712 0.01714 0.01708
  0.01713 0.01713 0.01707 0.01719 0.01711 0.01718 0.01714 0.01714 0.01704
  0.01708 0.01721 0.01723 0.01715 0.0172  0.01724 0.01727 0.01715 0.01717
  0.01719 0.0172  0.01719 0.01713 0.01711 0.01722 0.01714 0.01715 0.01725
  0.0172  0.01714 0.01717 0.01715 0.01713 0.01717 0.01708 0.01702 0.01699
  0.01701 0.01694 0.01691 0.01695 0.01691 0.01684 0.01681 0.01682 0.01673
  0.01673 0.01675 0.0167  0.01658 0.01654 0.01664 0.01659 0.01656 0.01653
  0.0166  0.01652 0.01651 0.01663 0.01657 0.01665 0.01659 0.01664 0.01675
  0.01676 0.01665 0.0167  0.01672 0.01677 0.01668 0.01665 0.0167  0.01676
  0.0166  0.0167  0.01675 0.01678 0.01668 0.01663 0.01661 0.01667 0.01675
  0.01677 0.0168  0.01689 0.01681 0.01681 0.01681 0.01691 0.01693 0.01705
  0.01702 0.01719 0.01722 0.01727 0.01742 0.01739 0.01751 0.01747 0.01746
  0.0175  0.01755 0.01763 0.01772 0.01772 0.01778 0.0179  0.01802 0.01825
  0.01825 0.01844 0.01838 0.01847 0.01852 0.01868 0.01874 0.01882 0.01872
  0.01892 0.01907 0.01915 0.01921 0.01927 0.01935 0.01944 0.01951 0.01954
  0.01962 0.01979 0.01989 0.01991 0.01994 0.02006 0.02016 0.02021 0.02029
  0.02038 0.02047 0.02034 0.02034 0.02041 0.02051 0.02038 0.02045 0.02058
  0.02064 0.02058 0.02065 0.02079 0.02067 0.02077 0.02088 0.0209  0.02091
  0.0211  0.02108 0.02125 0.02133 0.02137 0.02142 0.02156 0.02178 0.02179
  0.02187 0.022   0.02216 0.02232 0.02246 0.02262 0.02279 0.02307 0.02322
  0.0232  0.02339 0.02333 0.02332 0.02344 0.02347 0.02352 0.02369 0.02365
  0.02371 0.02373 0.02396 0.02394 0.02392 0.02406 0.0242  0.02435 0.02441
  0.02456 0.02467 0.02483 0.02488 0.02494 0.02491 0.02489 0.02499 0.02494
  0.02499 0.02518 0.02524 0.02546 0.02553 0.0257  0.02566 0.0257  0.02576
  0.02573 0.02568 0.02562 0.02546 0.02541 0.0253  0.02517 0.02519 0.02502
  0.02496 0.02492 0.02485 0.02474 0.02474 0.02471 0.02464 0.02462 0.02468
  0.02452 0.02463 0.02467 0.0247  0.02461 0.02472 0.02472 0.02478 0.02486
  0.025   0.02511 0.02523 0.02525 0.02526 0.0253  0.02536 0.02525 0.02525
  0.02515 0.02511 0.0251  0.02508 0.02516 0.02527 0.02521 0.02531 0.0253
  0.02526 0.02535 0.02523 0.02519 0.02503 0.02508 0.02496 0.02502 0.02503
  0.02507 0.02511 0.02498 0.02494 0.02494 0.02478 0.02481 0.02469 0.02446
  0.0244  0.02435 0.02422 0.02408 0.02416 0.0242  0.02415 0.02422 0.0243
  0.02435 0.02418 0.02413 0.02406 0.02403 0.02401 0.02404 0.02404 0.02414
  0.02425 0.02413 0.02401 0.02397 0.02389 0.02383 0.02404 0.02425 0.02448
  0.02477 0.02511 0.0251  0.02517 0.02525 0.02544 0.02562 0.02574 0.02562
  0.02555 0.02559 0.0255  0.02557 0.02559 0.02562 0.02555 0.02561 0.0258
  0.02589 0.02577 0.02598 0.02614 0.02628 0.0266  0.0268  0.02685 0.0267
  0.02632 0.02618 0.02598 0.02578 0.02567 0.02545 0.02542 0.02522 0.02526
  0.02505 0.02496 0.02491 0.0248  0.02471 0.02474 0.0248  0.02485 0.02501
  0.02496 0.02507 0.02514 0.02511 0.02522 0.02529 0.02527 0.02527 0.02519
  0.02524 0.02525 0.02519 0.0252  0.0252  0.02512 0.02513 0.02506 0.02522
  0.02535 0.02559 0.0256  0.0258  0.02584 0.02608 0.02617 0.0264  0.02655
  0.02675 0.02704 0.02723 0.02737 0.02766 0.02775 0.02807 0.02833 0.02857
  0.02868 0.02888 0.0291  0.02924 0.02957 0.02985 0.03001 0.03041 0.03064
  0.03092 0.03091 0.0311  0.03124 0.03138 0.03152 0.03152 0.0316  0.03184
  0.032   0.03225 0.03247 0.0326  0.03289 0.03303 0.03323 0.03325 0.0333
  0.03331 0.03336 0.03349 0.03339 0.03364 0.03372 0.03393 0.03408 0.0342
  0.03456 0.03475 0.03491 0.03513 0.03535 0.03559 0.0356  0.03564 0.03571
  0.03587 0.03589 0.03599 0.03611 0.03629 0.03629 0.03647 0.03653 0.0366
  0.03668 0.03671 0.03691 0.03707 0.03713 0.0373  0.03753 0.03764 0.03779
  0.03802 0.03822 0.03842 0.03857 0.03888 0.03888 0.03897 0.03903 0.03911
  0.03917 0.03929]
 [0.00936 0.00888 0.00849 0.00825 0.00812 0.00806 0.00798 0.00794 0.00797
  0.00789 0.00781 0.00779 0.00783 0.00783 0.00791 0.00784 0.00785 0.00784
  0.00794 0.00797 0.00803 0.00799 0.0081  0.00808 0.00818 0.00818 0.00823
  0.00815 0.00821 0.00822 0.00828 0.0084  0.00843 0.00844 0.00854 0.00856
  0.0086  0.00864 0.0086  0.00868 0.00866 0.00883 0.00886 0.00898 0.00907
  0.00918 0.00935 0.00935 0.00954 0.00967 0.00988 0.01005 0.01016 0.01024
  0.01043 0.01052 0.01072 0.01084 0.01094 0.01114 0.0113  0.01154 0.01169
  0.01193 0.01208 0.01231 0.01257 0.01277 0.01298 0.01322 0.01349 0.0138
  0.01405 0.01428 0.01464 0.01495 0.01531 0.01563 0.01595 0.01633 0.01668
  0.01706 0.01728 0.01763 0.018   0.01833 0.01872 0.01912 0.01955 0.01999
  0.02046 0.02089 0.02128 0.02168 0.02219 0.02268 0.02309 0.02354 0.024
  0.02451 0.02493 0.02548 0.02591 0.02645 0.02699 0.02757 0.0281  0.02863
  0.02925 0.02973 0.03022 0.03077 0.03125 0.03173 0.03229 0.03278 0.03331
  0.03385 0.03438 0.03489 0.03538 0.03591 0.0364  0.03682 0.03727 0.03773
  0.03814 0.03862 0.03898 0.03944 0.03993 0.04032 0.04072 0.04111 0.04143
  0.04175 0.04209 0.04246 0.04272 0.04305 0.0434  0.04365 0.04387 0.0442
  0.04443 0.04478 0.04499 0.04533 0.04557 0.04581 0.04605 0.04621 0.04646
  0.04663 0.0469  0.04723 0.04743 0.04764 0.04794 0.04809 0.04829 0.04842
  0.04858 0.04877 0.04899 0.04915 0.04924 0.04933 0.0496  0.04959 0.0498
  0.04992 0.05003 0.05019 0.05031 0.05039 0.0505  0.05062 0.05069 0.05077
  0.05086 0.05091 0.05093 0.05099 0.051   0.05106 0.05112 0.05115 0.05128
  0.05136 0.05141 0.05145 0.05154 0.05171 0.05178 0.05182 0.05204 0.05222
  0.05236 0.05256 0.05274 0.05292 0.05311 0.05329 0.0535  0.05367 0.05389
  0.05411 0.05431 0.0546  0.05478 0.05501 0.05523 0.05539 0.05565 0.05594
  0.05612 0.05642 0.05662 0.05681 0.05699 0.05723 0.05751 0.05775 0.05796
  0.05823 0.05838 0.05866 0.0589  0.05911 0.05934 0.05952 0.05992 0.06017
  0.06044 0.06073 0.06102 0.06123 0.06158 0.06187 0.06217 0.06236 0.06255
  0.06277 0.06314 0.06331 0.06352 0.06368 0.06371 0.06377 0.06384 0.06391
  0.06393 0.06388 0.06377 0.06351 0.06319 0.06304 0.0626  0.06212 0.06169
  0.06108 0.06063 0.06011 0.0596  0.05882 0.05807 0.05777 0.05752 0.05733
  0.05695 0.05681 0.05664 0.05646 0.0564  0.05631 0.05639 0.05627 0.05619
  0.05619 0.05611 0.05617 0.05621 0.05605 0.05609 0.05596 0.05573 0.05542
  0.05529 0.05504 0.05481 0.05432 0.05382 0.05326 0.0527  0.05216 0.05163
  0.05116 0.05069 0.05009 0.04945 0.04879 0.04816 0.04749 0.04696 0.04639
  0.04571 0.04506 0.04439 0.04395 0.04353 0.04304 0.04255 0.04194 0.04154
  0.04116 0.04077 0.04036 0.04002 0.03958 0.0392  0.03897 0.03866 0.03847
  0.0382  0.03792 0.03768 0.03753 0.03736 0.03726 0.03721 0.03704 0.03683
  0.0367  0.03651 0.03638 0.03623 0.03603 0.03599 0.03594 0.03568 0.03558
  0.03551 0.0354  0.03535 0.03527 0.03519 0.03507 0.03503 0.03506 0.0351
  0.03514 0.03508 0.03492 0.0349  0.03489 0.03495 0.03503 0.03499 0.03508
  0.03508 0.03509 0.03511 0.03507 0.03509 0.03512 0.03517 0.03525 0.03532
  0.03546 0.03559 0.03567 0.03565 0.0357  0.03582 0.03579 0.03587 0.03591
  0.03597 0.03594 0.03598 0.036   0.03604 0.03604 0.03627 0.03636 0.03643
  0.03661 0.03674 0.03686 0.03695 0.03695 0.03713 0.03731 0.03739 0.03752
  0.03764 0.03776 0.03779 0.03789 0.03804 0.03801 0.03808 0.0381  0.03825
  0.03819 0.03828 0.03824 0.03826 0.0383  0.03832 0.03836 0.03826 0.03826
  0.03812 0.03809 0.03811 0.03809 0.03816 0.03804 0.03808 0.03798 0.03793
  0.03793 0.03802 0.03804 0.03802 0.03808 0.0381  0.0381  0.0382  0.03829
  0.03828 0.03826 0.03827 0.03838 0.03841 0.03844 0.03844 0.03831 0.03837
  0.03838 0.03839 0.03841 0.03837 0.03848 0.0384  0.03844 0.03853 0.03848
  0.03846 0.03834 0.03844 0.03835 0.03846 0.03841 0.03838 0.03839 0.03842
  0.03843 0.03854 0.03851 0.03836 0.03835 0.03841 0.03836 0.0385  0.03846
  0.0385  0.03849 0.03862 0.03856 0.03859 0.03858 0.0385  0.03844 0.0383
  0.0381  0.038   0.03787 0.03768 0.03761 0.03757 0.03749 0.03742 0.03725
  0.03723 0.03711 0.03698 0.03697 0.03684 0.03674 0.03669 0.03668 0.03664
  0.03663 0.0366  0.0366  0.03652 0.03657 0.03666 0.03645 0.03652 0.03651
  0.03657 0.03648 0.03646 0.03638 0.03638 0.03631 0.03634 0.03639 0.03627
  0.03623 0.03615 0.03608 0.03591 0.03584 0.0357  0.03563 0.03552 0.03536
  0.03532 0.03523 0.03511 0.03486 0.03481 0.03453 0.03438 0.03419 0.03405
  0.03395 0.0339  0.03369 0.03366 0.03339 0.03342 0.03327 0.03317 0.03311
  0.033   0.03302 0.03302 0.03304 0.03294 0.03304 0.03296 0.03303 0.03316
  0.03308 0.03304 0.03294 0.03293 0.0329  0.03294 0.03279 0.03278 0.03284
  0.03278 0.03283 0.03285 0.03291 0.0329  0.03285 0.03284 0.03301 0.033
  0.03298 0.03298 0.03287 0.03275 0.03274 0.03257 0.03255 0.03251 0.03241
  0.0323  0.03228 0.03234 0.03224 0.03222 0.03215 0.03207 0.03199 0.03194
  0.03186 0.03183 0.03167 0.03158 0.03161 0.03165 0.03164 0.03161 0.03153
  0.03143 0.03135 0.03133 0.0312  0.0312  0.03106 0.031   0.03088 0.03077
  0.03077 0.03061 0.03056 0.03048 0.0305  0.03049 0.03048 0.03036 0.03028
  0.03017 0.03009 0.03007 0.03017 0.03029 0.03028 0.03022 0.0303  0.03031
  0.03044 0.03055 0.03062 0.0308  0.03101 0.03124 0.03138 0.03154 0.03161
  0.0317  0.03193 0.03196 0.0322  0.03237 0.03253 0.03273 0.03283 0.03293
  0.03298 0.03312 0.03322 0.03335 0.03348 0.03355 0.03364 0.03364 0.03383
  0.03395 0.03416 0.03435 0.03435 0.03432 0.03434 0.03443 0.03471 0.03473
  0.03491 0.03487 0.03489 0.03503 0.03513 0.03532 0.03538 0.03547 0.03552
  0.03568 0.03583 0.03603 0.03612 0.03619 0.0363  0.03624 0.03612 0.03605
  0.03604 0.03604 0.03604 0.03606 0.03595 0.03605 0.03599 0.03603 0.03599
  0.03603 0.03604 0.0361  0.03621 0.03627 0.03634 0.03634 0.03632 0.03625
  0.0364  0.03651 0.03674 0.03688 0.03692 0.03698 0.03713 0.03722 0.0371
  0.03716 0.03707 0.03702 0.03724 0.03726 0.03743 0.03753 0.03765 0.03776
  0.03788 0.03794 0.03791 0.03792 0.03773 0.03773 0.03771 0.0378  0.03771
  0.03772 0.03765 0.03765 0.03768 0.0376  0.03747 0.03752 0.03757 0.03763
  0.03778 0.03787 0.03799 0.03807 0.03811 0.03811 0.03807 0.0381  0.03791
  0.03792 0.03792 0.03797 0.03795 0.03792 0.03806 0.03791 0.03791 0.03804
  0.03819 0.03804 0.03808 0.03813 0.03809 0.03807 0.03807 0.03805 0.03807
  0.03809 0.03812 0.03803 0.03802 0.03802 0.03794 0.03801 0.03795 0.03788
  0.03782 0.03773 0.03758 0.03755 0.03752 0.03743 0.03739 0.03715 0.03691
  0.03654 0.03633 0.03608 0.03589 0.03575 0.03554 0.03536 0.03516 0.03513
  0.03494 0.03497 0.03479 0.03464 0.03456 0.0344  0.03435 0.03415 0.03416
  0.03391 0.03383 0.03367 0.03353 0.0334  0.03314 0.03308 0.03286 0.03269
  0.03255 0.03248 0.03226 0.0322  0.032   0.0319  0.03192 0.03186 0.03184
  0.03174 0.03171 0.03164 0.03158 0.03159 0.03148 0.03134 0.03132 0.03118
  0.03109 0.03099 0.03092 0.03088 0.0308  0.03048 0.0302  0.02992 0.02969
  0.02939 0.02918 0.02905 0.02896 0.0289  0.0288  0.02877 0.02864 0.02861
  0.02858 0.02847 0.02837 0.02844 0.02832 0.02817 0.02808 0.02803 0.02804
  0.02799 0.02808 0.02801 0.02795 0.02803 0.02796 0.02794 0.02796 0.02793
  0.02794 0.02796 0.02792 0.02808 0.02802 0.02791 0.02791 0.02775 0.02778
  0.02776 0.02773 0.02769 0.02779 0.02771 0.02786 0.02794 0.02807 0.0281
  0.02803 0.02809 0.02803 0.02789 0.02799 0.02807 0.02818 0.02832 0.02851
  0.02852 0.02848 0.02857 0.02856 0.02864 0.0287  0.02878 0.02885 0.02897
  0.02908 0.02919 0.02946 0.02965 0.02973 0.02985 0.02989 0.02989 0.03002
  0.03001 0.03012 0.03023 0.03033 0.03035 0.03045 0.0305  0.0307  0.03086
  0.03096 0.03119 0.03133 0.0315  0.03162 0.03177 0.03203 0.03218 0.0325
  0.03262 0.03287 0.03308 0.03304 0.03317 0.03327 0.03342 0.03354 0.03374
  0.03382 0.03396 0.03397 0.034   0.03398 0.03407 0.03421 0.03422 0.03436
  0.03447 0.03464 0.03469 0.03484 0.03502 0.03521 0.03542 0.03548 0.03573
  0.03581 0.03574 0.03575 0.03579 0.0358  0.03586 0.03591 0.03591 0.03595
  0.03599 0.03609 0.03632 0.03623 0.03631 0.03635 0.03639 0.03647 0.0365
  0.03632 0.03627 0.03612 0.03597 0.03588 0.03584 0.03582 0.03567 0.03567
  0.03566 0.03557 0.03546 0.03537 0.0353  0.03517 0.0351  0.0349  0.03486
  0.03485 0.03491 0.03482 0.03488 0.03485 0.03491 0.03491 0.03489 0.03487
  0.03476 0.03473 0.0347  0.03468 0.03451 0.03442 0.03447 0.03437 0.03426
  0.03419 0.03398]]
Mean: 0.03141, Std Dev: 0.01572
