[[0.08969 0.08829 0.08686 0.08694 0.08425 0.08366 0.08292 0.08388 0.07985
  0.07952 0.07854 0.07798 0.07706 0.0775  0.07586 0.07425 0.07291 0.07268
  0.07229 0.07025 0.07085 0.06864 0.06783 0.06824 0.06667 0.0658  0.06556
  0.06414 0.06356 0.06356 0.06201 0.06125 0.06112 0.0602  0.05922 0.05859
  0.05886 0.05717 0.05758 0.05598 0.05515 0.05473 0.05418 0.05264 0.05264
  0.05175 0.0507  0.05019 0.05037 0.05074 0.04864 0.04986 0.04858 0.04679
  0.04593 0.04683 0.04507 0.04459 0.04367 0.04398 0.04314 0.04237 0.04183
  0.04251 0.04137 0.04078 0.03963 0.03836 0.04006 0.03881 0.03815 0.03887
  0.03733 0.03773 0.03733 0.03701 0.03681 0.03687 0.03638 0.03628 0.03529
  0.03677 0.03558 0.03532 0.03427 0.03546 0.036   0.03492 0.03518 0.03541
  0.03629 0.03593 0.03589 0.0357  0.03535 0.03528 0.03558 0.03673 0.0373
  0.03727 0.03707 0.03731 0.03773 0.03705 0.03792 0.03665 0.03779 0.03865
  0.03935 0.04004 0.03931 0.03863 0.04005 0.03959 0.04058 0.03928 0.04118
  0.0404  0.0413  0.04246 0.04267 0.04227 0.04083 0.04216 0.04237 0.04291
  0.04355 0.04264 0.04313 0.04389 0.04412 0.04268 0.04253 0.04395 0.04344
  0.04328 0.04308 0.04467 0.04347 0.04342 0.04409 0.04488 0.04536 0.04414
  0.04466 0.04322 0.04474 0.04347 0.04373 0.04486 0.04403 0.04437 0.04448
  0.04459 0.04527 0.04441 0.04579 0.0445  0.04518 0.0448  0.04603 0.0444
  0.04534 0.0455  0.04443 0.04446 0.04372 0.04546 0.04389 0.0441  0.04326
  0.04443 0.04474 0.04465 0.04423 0.04506 0.04286 0.04341 0.04403 0.04396
  0.04372 0.0443  0.04352 0.04479 0.04392 0.04253 0.04382 0.04418 0.04448
  0.04508 0.04414 0.04407 0.04327 0.04377 0.0436  0.04306 0.04394 0.04436
  0.04484 0.04396 0.04478 0.04345 0.04486 0.04406 0.04412 0.04396 0.04484
  0.04469 0.04417 0.04464 0.04516 0.04447 0.04456 0.04491 0.0433  0.04493
  0.04436 0.04387 0.04425 0.04466 0.04422 0.04446 0.0441  0.04528 0.04507
  0.04434 0.044   0.04506 0.04455 0.04439 0.04461 0.04352 0.04459 0.04491
  0.04454 0.04437 0.04466 0.04598 0.0438  0.04421 0.04429 0.04569 0.04424
  0.04537 0.04565 0.04619 0.04378 0.04515 0.04569 0.04612 0.0444  0.04419
  0.04627 0.04517 0.04666 0.0461  0.04596 0.04513 0.0468  0.04609 0.04718
  0.0467  0.04781 0.04669 0.04635 0.04702 0.04835 0.04785 0.04766 0.0489
  0.04893 0.04852 0.04913 0.049   0.04793 0.04871 0.05001 0.04871 0.0505
  0.04958 0.04836 0.04975 0.04964 0.05011 0.05039 0.05069 0.05094 0.05046
  0.05198 0.05085 0.05255 0.05199 0.05329 0.05352 0.05354 0.0535  0.05252
  0.05302 0.05457 0.05398 0.05375 0.05508 0.05469 0.05448 0.05605 0.05454
  0.05673 0.05564 0.05642 0.05589 0.05647 0.05718 0.05874 0.05776 0.05775
  0.05742 0.05807 0.0578  0.05891 0.05854 0.05852 0.05905 0.06001 0.0599
  0.06007 0.05973 0.06132 0.06004 0.06079 0.06191 0.06202 0.06157 0.06305
  0.06245 0.063   0.06118 0.06299 0.0635  0.0645  0.06602 0.06484 0.06496
  0.06521 0.065   0.06691 0.06576 0.06768 0.0665  0.06744 0.06846 0.06727
  0.06895 0.06945 0.06854 0.07013 0.0701  0.07038 0.07163 0.07227 0.07106
  0.07406 0.07184 0.07288 0.0726  0.07376 0.07451 0.0736  0.0749  0.07576
  0.07487 0.07647 0.07691 0.07727 0.07607 0.07756 0.07948 0.07944 0.0769
  0.07845 0.07945 0.07971 0.07956 0.07986 0.08035 0.08065 0.0806  0.08115
  0.08225 0.08169 0.08208 0.08285 0.08262 0.08329 0.08318 0.08356 0.08355
  0.08426 0.08499 0.08391 0.08379 0.08523 0.08525 0.08583 0.08584 0.08639
  0.08684 0.08618 0.08875 0.08591 0.08705 0.08622 0.08645 0.08701 0.08788
  0.08741 0.08842 0.08746 0.08838 0.08832 0.08861 0.08835 0.08857 0.08888
  0.08929 0.08926 0.08948 0.08999 0.08961 0.09037 0.09034 0.09156 0.09053
  0.09086 0.09132 0.09078 0.09168 0.09153 0.09218 0.09226 0.09127 0.09118
  0.09208 0.09264 0.09214 0.09262 0.09137 0.09285 0.09261 0.09346 0.09219
  0.09357 0.09273 0.09308 0.09351 0.09267 0.09375 0.093   0.09353 0.09331
  0.09448 0.09279 0.09319 0.0932  0.09405 0.09218 0.09423 0.09419 0.09391
  0.09288 0.09367 0.094   0.09519 0.09378 0.09466 0.0936  0.09448 0.09418
  0.09408 0.09389 0.09478 0.0943  0.095   0.09449 0.09379 0.09404 0.09409
  0.09503 0.09314 0.09387 0.09417 0.09542 0.09406 0.09535 0.09376 0.09442
  0.09427 0.09523 0.0953  0.09622 0.09594 0.09498 0.09559 0.09461 0.09596
  0.09588 0.09549 0.09365 0.09454 0.0956  0.09618 0.09552 0.09551 0.09695
  0.09693 0.09605 0.09702 0.09585 0.09518 0.09484 0.09574 0.09696 0.09612
  0.09506 0.0971  0.09592 0.0955  0.0953  0.09686 0.09678 0.09716 0.09696
  0.09639 0.09683 0.09642 0.09728 0.09682 0.09714 0.09727 0.09719 0.09678
  0.0976  0.09704 0.09617 0.09688 0.09777 0.0966  0.09681 0.09663 0.09654
  0.09752 0.09748 0.09723 0.09805 0.09788 0.09935 0.09856 0.09846 0.09769
  0.09794 0.09871 0.0974  0.09747 0.09889 0.09747 0.09935 0.09878 0.09954
  0.09823 0.09858 0.09962 0.09947 0.09943 0.09936 0.09969 0.09993 0.09929
  0.09955 0.09989 0.10028 0.10013 0.10056 0.09992 0.10098 0.10062 0.10148
  0.1011  0.10134 0.10268 0.10289 0.1027  0.10098 0.10151 0.10165 0.1037
  0.10264 0.10361 0.10285 0.10541 0.10503 0.10439 0.1041  0.10435 0.10606
  0.10583 0.10625 0.10494 0.10469 0.10467 0.1058  0.10702 0.10577 0.10611
  0.10827 0.10715 0.10773 0.10778 0.1078  0.10961 0.10864 0.11039 0.11013
  0.11111 0.11027 0.11004 0.10936 0.11144 0.11083 0.11062 0.11094 0.11176
  0.11149 0.1115  0.11266 0.11246 0.11316 0.11336 0.11338 0.11285 0.11379
  0.11357 0.11388 0.11477 0.11373 0.1155  0.11553 0.11467 0.11605 0.11505
  0.11558 0.11721 0.1161  0.11567 0.11548 0.11627 0.11916 0.11726 0.1183
  0.11895 0.11929 0.11905 0.12062 0.11924 0.12022 0.12156 0.12124 0.12079
  0.12201 0.12156 0.12219 0.1214  0.1212  0.12275 0.1217  0.12301 0.12365
  0.12473 0.12408 0.1253  0.1251  0.12613 0.12591 0.12489 0.12683 0.12669
  0.12693 0.12746 0.12734 0.12895 0.1272  0.12888 0.12852 0.13114 0.12968
  0.1297  0.12862 0.13069 0.13112 0.13157 0.13177 0.13203 0.13311 0.13336
  0.13461 0.13355 0.13334 0.13514 0.13519 0.13533 0.13678 0.13663 0.13598
  0.13743 0.13797 0.13852 0.13947 0.13886 0.14009 0.13961 0.14061 0.14072
  0.14078 0.14131 0.14143 0.14298 0.14373 0.14418 0.1439  0.14542 0.14461
  0.14647 0.14595 0.14626 0.14681 0.14699 0.14792 0.14803 0.15014 0.14904
  0.15033 0.15003 0.15133 0.15153 0.15117 0.15323 0.1504  0.15206 0.15227
  0.1515  0.15298 0.15463 0.15341 0.15513 0.15541 0.15555 0.15576 0.15614
  0.15784 0.15633 0.15817 0.15733 0.15781 0.16023 0.15964 0.15962 0.16053
  0.16137 0.16123 0.16139 0.16188 0.16186 0.16303 0.16326 0.16311 0.16358
  0.16507 0.16564 0.16522 0.16629 0.16604 0.165   0.16618 0.16647 0.16718
  0.16792 0.16795 0.16783 0.17005 0.16948 0.16988 0.17083 0.17033 0.17072
  0.17119 0.17191 0.17205 0.17212 0.1729  0.17328 0.17311 0.17371 0.17519
  0.17577 0.17534 0.17655 0.17715 0.1762  0.17677 0.17601 0.17857 0.17773
  0.17808 0.17908 0.17933 0.18083 0.17985 0.18023 0.18087 0.18052 0.18225
  0.18352 0.18346 0.18265 0.18373 0.1843  0.18511 0.18457 0.18449 0.18531
  0.18652 0.1868  0.18702 0.18772 0.18765 0.18704 0.18838 0.18829 0.18919
  0.18947 0.19082 0.19065 0.19035 0.19136 0.19107 0.19233 0.19198 0.19299
  0.19247 0.19307 0.1938  0.19527 0.19491 0.19434 0.19575 0.19687 0.19625
  0.19657 0.19662 0.19637 0.19657 0.19757 0.19916 0.1986  0.19855 0.19975
  0.20099 0.20075 0.20156 0.20103 0.19967 0.20122 0.20172 0.20302 0.20194
  0.20232 0.20307 0.20377 0.20586 0.20489 0.2049  0.20473 0.20587 0.20685
  0.20661 0.20736 0.2072  0.20741 0.2079  0.208   0.20866 0.2094  0.20958
  0.21021 0.21008 0.21041 0.21031 0.21159 0.21211 0.21131 0.21116 0.21232
  0.21256 0.21214 0.21407 0.21268 0.21387 0.2142  0.21523 0.21485 0.2143
  0.21551 0.21524 0.21619 0.21686 0.21676 0.21592 0.2176  0.21717 0.21728
  0.21714 0.2178  0.2177  0.21823 0.21825 0.21942 0.21924 0.21908 0.22044
  0.22019 0.22006 0.21983 0.21936 0.22091 0.22138 0.22071 0.22055 0.22174
  0.22186 0.22191 0.22057 0.2217  0.22101 0.22205 0.22341 0.22267 0.22254
  0.22286 0.22131 0.2235  0.22353 0.22315 0.2231  0.22275 0.2225  0.22253
  0.22311 0.22522 0.22349 0.22402 0.22451 0.22499 0.22425 0.22313 0.22363
  0.22502 0.22463 0.22553 0.22569 0.22394 0.2259  0.22534 0.22502 0.22665
  0.22618 0.22604 0.22447 0.22617 0.22533 0.22668 0.2268  0.22683 0.22743
  0.22599 0.22706 0.22704 0.22724 0.2269  0.22886 0.22758 0.2275  0.22893
  0.22884 0.2282  0.22982 0.23063 0.22988 0.23088 0.22917 0.23021 0.23204
  0.23126 0.23195]
 [0.07911 0.07867 0.07721 0.07678 0.07545 0.07406 0.0733  0.07292 0.07181
  0.07121 0.06892 0.06854 0.06838 0.06654 0.06566 0.06418 0.06476 0.06178
  0.06301 0.06034 0.06081 0.0607  0.05922 0.05874 0.05665 0.05673 0.05538
  0.05448 0.05389 0.054   0.05365 0.0519  0.05313 0.05093 0.05074 0.04987
  0.05002 0.04842 0.04803 0.04731 0.0488  0.04723 0.046   0.04478 0.04462
  0.04373 0.04376 0.04443 0.04423 0.04358 0.04301 0.04094 0.04159 0.04112
  0.04002 0.03904 0.04087 0.03986 0.03893 0.0392  0.03824 0.03712 0.03762
  0.03849 0.03656 0.03635 0.03664 0.03632 0.03642 0.03639 0.03607 0.03478
  0.03558 0.03463 0.03554 0.03523 0.03372 0.03369 0.03542 0.03479 0.03507
  0.03527 0.0342  0.03522 0.03504 0.0359  0.03585 0.03531 0.03601 0.03435
  0.0345  0.03381 0.03502 0.03614 0.03565 0.0361  0.03702 0.03615 0.03579
  0.03642 0.03793 0.0371  0.03781 0.03895 0.03883 0.03938 0.03964 0.03993
  0.04018 0.03966 0.04128 0.04052 0.04109 0.04146 0.04147 0.04265 0.0428
  0.04273 0.04213 0.04352 0.04407 0.04428 0.04435 0.04504 0.04368 0.04593
  0.04576 0.04443 0.04628 0.04665 0.04624 0.04387 0.04698 0.04618 0.0475
  0.04606 0.047   0.04778 0.04732 0.04846 0.04672 0.04836 0.04806 0.0476
  0.04773 0.0479  0.04833 0.04658 0.04755 0.0472  0.04727 0.04658 0.04782
  0.04724 0.04683 0.04692 0.04819 0.04655 0.04543 0.04564 0.04684 0.04604
  0.04601 0.04535 0.04584 0.04471 0.04518 0.04601 0.0447  0.04537 0.04516
  0.04433 0.04629 0.04388 0.04412 0.04282 0.04312 0.04237 0.04338 0.04287
  0.04218 0.04144 0.04179 0.04181 0.0427  0.04124 0.03996 0.04017 0.04134
  0.04096 0.03997 0.04136 0.03951 0.03924 0.04039 0.04003 0.04044 0.04028
  0.04016 0.0405  0.03938 0.0391  0.03771 0.0387  0.03797 0.0391  0.03877
  0.03767 0.03872 0.04029 0.03855 0.03928 0.039   0.03989 0.0399  0.03972
  0.04084 0.03972 0.04063 0.03992 0.0408  0.03969 0.04032 0.03925 0.03991
  0.04052 0.04038 0.04001 0.03986 0.04061 0.04133 0.04046 0.04081 0.04059
  0.04064 0.04049 0.04065 0.04047 0.04199 0.04154 0.04174 0.04193 0.04173
  0.04191 0.04093 0.04182 0.04199 0.04173 0.04221 0.04199 0.0423  0.04297
  0.044   0.04361 0.04228 0.04453 0.04497 0.04438 0.04491 0.04487 0.04556
  0.04643 0.04672 0.04557 0.0456  0.04648 0.04687 0.04738 0.04666 0.04734
  0.04759 0.04788 0.04818 0.04844 0.04882 0.04771 0.04892 0.04837 0.04897
  0.04866 0.04922 0.04968 0.04928 0.04993 0.04994 0.04993 0.05113 0.05143
  0.05184 0.05204 0.05079 0.05251 0.0514  0.05118 0.05239 0.05225 0.05309
  0.0539  0.05349 0.05347 0.05398 0.05469 0.05481 0.0549  0.05567 0.05422
  0.05562 0.05585 0.05734 0.0558  0.05635 0.05757 0.0563  0.05702 0.05681
  0.05909 0.0583  0.05752 0.05787 0.059   0.05915 0.05884 0.05915 0.0584
  0.05921 0.05959 0.05985 0.06072 0.06035 0.0609  0.05989 0.06098 0.06119
  0.06229 0.06037 0.06245 0.06129 0.06272 0.06352 0.06398 0.06208 0.06404
  0.06447 0.06521 0.06295 0.06274 0.06499 0.06346 0.06531 0.06631 0.06452
  0.06617 0.06431 0.0678  0.06619 0.06773 0.06749 0.06753 0.06815 0.06728
  0.06701 0.06752 0.06956 0.06981 0.06959 0.06981 0.06894 0.07012 0.07003
  0.07074 0.07048 0.07119 0.07175 0.07174 0.07176 0.07102 0.07252 0.07377
  0.07231 0.073   0.0743  0.07357 0.07283 0.07477 0.0739  0.07421 0.07455
  0.07498 0.07492 0.07442 0.07365 0.07514 0.07543 0.07532 0.07657 0.07581
  0.07619 0.07663 0.07712 0.07601 0.07644 0.07683 0.07693 0.07713 0.07648
  0.07819 0.07823 0.07898 0.07618 0.07829 0.07665 0.07816 0.07807 0.07924
  0.07885 0.07802 0.07902 0.07869 0.0785  0.07888 0.07797 0.07841 0.07735
  0.07885 0.07779 0.07697 0.07708 0.07829 0.07747 0.07718 0.07738 0.07795
  0.0782  0.07756 0.07742 0.07929 0.07766 0.0781  0.07868 0.07755 0.07788
  0.07788 0.07861 0.07657 0.07777 0.07671 0.0779  0.07766 0.07699 0.07784
  0.07717 0.07761 0.07763 0.07914 0.07767 0.07761 0.07772 0.07704 0.07782
  0.07619 0.07759 0.0777  0.07795 0.07752 0.07698 0.07757 0.07764 0.07689
  0.07789 0.07824 0.07706 0.07731 0.07756 0.07733 0.07688 0.07625 0.07705
  0.07596 0.07701 0.07648 0.07693 0.07747 0.07618 0.07688 0.07665 0.076
  0.07826 0.07649 0.07761 0.07621 0.07745 0.07698 0.07663 0.07807 0.07712
  0.07655 0.07757 0.07665 0.07757 0.07655 0.07652 0.07733 0.077   0.07721
  0.07712 0.07681 0.07533 0.07611 0.0769  0.07709 0.07671 0.07729 0.07793
  0.07687 0.07842 0.0788  0.07845 0.07756 0.07686 0.07802 0.0773  0.07874
  0.07875 0.0787  0.07893 0.07899 0.07838 0.07918 0.07869 0.07984 0.07849
  0.07872 0.07984 0.07873 0.07959 0.07879 0.08038 0.07898 0.07952 0.07835
  0.07908 0.08045 0.08219 0.08021 0.08065 0.07857 0.08088 0.08075 0.08161
  0.08021 0.08314 0.08137 0.08239 0.08213 0.08277 0.08229 0.08197 0.08328
  0.08264 0.08426 0.08274 0.08388 0.08287 0.08346 0.08443 0.08329 0.08505
  0.08511 0.08446 0.0851  0.0861  0.08528 0.08657 0.08636 0.0859  0.08599
  0.08647 0.08654 0.08662 0.08704 0.08796 0.08774 0.08764 0.088   0.08883
  0.08888 0.08932 0.08933 0.08874 0.08946 0.08917 0.0896  0.09162 0.08966
  0.09001 0.09078 0.09182 0.09048 0.09195 0.09065 0.09221 0.09263 0.09312
  0.09367 0.09345 0.09318 0.0935  0.09455 0.09376 0.09484 0.0952  0.09545
  0.0968  0.09613 0.09497 0.09546 0.09561 0.0972  0.09589 0.09787 0.09773
  0.09808 0.09793 0.09852 0.09783 0.09878 0.10035 0.09885 0.09936 0.09983
  0.09946 0.10027 0.10111 0.10042 0.10141 0.10098 0.10234 0.10208 0.10161
  0.10281 0.10348 0.10332 0.10328 0.10436 0.10352 0.10287 0.1045  0.10568
  0.10521 0.10648 0.10628 0.10617 0.10669 0.10664 0.10615 0.10741 0.10842
  0.10744 0.10868 0.10976 0.10777 0.10937 0.10924 0.11032 0.10975 0.11005
  0.11014 0.10994 0.11055 0.11118 0.11192 0.11231 0.111   0.1135  0.11363
  0.11427 0.11331 0.11411 0.1149  0.1155  0.11559 0.11585 0.11695 0.1158
  0.11656 0.11623 0.11657 0.11875 0.11963 0.11878 0.11884 0.12026 0.12024
  0.12057 0.11899 0.12018 0.12048 0.12158 0.11991 0.12228 0.1237  0.12119
  0.12424 0.12386 0.12257 0.1255  0.12347 0.12542 0.12425 0.12507 0.12518
  0.12616 0.12617 0.12674 0.12751 0.12802 0.12875 0.12748 0.12881 0.12897
  0.12958 0.13015 0.13084 0.13122 0.13121 0.13078 0.13276 0.1319  0.1322
  0.13277 0.13354 0.13292 0.13335 0.13372 0.13461 0.13512 0.13512 0.13492
  0.13559 0.13583 0.13634 0.13722 0.13878 0.13706 0.13909 0.13849 0.1385
  0.13794 0.14057 0.13984 0.14075 0.14091 0.14171 0.14039 0.14174 0.1425
  0.14362 0.1428  0.14268 0.14328 0.14337 0.14383 0.1446  0.14476 0.14481
  0.14585 0.14554 0.14747 0.1477  0.14779 0.14709 0.1493  0.14896 0.14937
  0.14912 0.15029 0.14963 0.1498  0.15021 0.15066 0.15141 0.15247 0.15312
  0.153   0.1527  0.15481 0.15306 0.15417 0.15534 0.1546  0.15573 0.15674
  0.15598 0.15618 0.15583 0.15754 0.15709 0.15729 0.15631 0.15862 0.15853
  0.15886 0.1594  0.15928 0.1599  0.16049 0.16058 0.16102 0.16091 0.16197
  0.16374 0.16158 0.16133 0.16286 0.1643  0.16229 0.16273 0.16467 0.16554
  0.16544 0.16694 0.16545 0.16576 0.16597 0.16678 0.16721 0.16827 0.16856
  0.16797 0.16856 0.16956 0.16922 0.16973 0.1693  0.17025 0.16952 0.17062
  0.17131 0.1714  0.17223 0.171   0.17308 0.1718  0.17282 0.17322 0.17253
  0.17367 0.17481 0.17361 0.17482 0.1752  0.17539 0.17523 0.17563 0.17568
  0.1759  0.17644 0.17769 0.17618 0.17654 0.17724 0.17824 0.17744 0.17875
  0.17802 0.17802 0.17882 0.17989 0.18047 0.1796  0.17981 0.17985 0.18031
  0.18042 0.18109 0.1804  0.18184 0.1808  0.18185 0.18053 0.18278 0.18213
  0.18262 0.18216 0.18252 0.18354 0.18334 0.18433 0.18281 0.18223 0.18296
  0.1832  0.18426 0.18374 0.18396 0.18452 0.18299 0.18419 0.18413 0.18337
  0.18292 0.18473 0.18466 0.18415 0.1843  0.18523 0.18524 0.18546 0.18352
  0.18442 0.18535 0.18565 0.18359 0.18536 0.18498 0.18561 0.18508 0.1841
  0.18498 0.18524 0.1855  0.1853  0.18517 0.18512 0.1845  0.18488 0.18467
  0.18443 0.18529 0.18505 0.18414 0.18598 0.18459 0.18364 0.18414 0.18464
  0.1843  0.183   0.18372 0.1836  0.18383 0.18354 0.18254 0.18324 0.18393
  0.1834  0.18322 0.18279 0.18275 0.18419 0.18187 0.18383 0.18222 0.18277
  0.18158 0.18017 0.18195 0.18249 0.18329 0.18169 0.1818  0.18187 0.18126
  0.18229 0.18266 0.18154 0.1815  0.18139 0.18196 0.18174 0.18041 0.18165
  0.18189 0.18061 0.18044 0.18069 0.1815  0.18111 0.18064 0.18129 0.18152
  0.1824  0.18246 0.18145 0.18151 0.18123 0.18233 0.18236 0.18343 0.18393
  0.18395 0.18461 0.18398 0.18492 0.18589 0.18522 0.1868  0.18527 0.18712
  0.1857  0.1853 ]
 [0.08919 0.08955 0.0881  0.08687 0.08658 0.08411 0.08296 0.08139 0.07968
  0.07888 0.07929 0.0776  0.0781  0.07595 0.07384 0.07306 0.07253 0.07139
  0.06984 0.06973 0.0683  0.06819 0.06759 0.06602 0.06443 0.06411 0.06334
  0.06298 0.0614  0.06062 0.06134 0.05893 0.05843 0.05772 0.05816 0.05557
  0.05596 0.05369 0.05381 0.05357 0.05185 0.05208 0.05021 0.05096 0.04868
  0.0489  0.04876 0.04741 0.04743 0.04544 0.04559 0.04466 0.0445  0.04442
  0.04262 0.04214 0.04235 0.04217 0.04176 0.04034 0.03881 0.0389  0.0391
  0.03818 0.03751 0.03704 0.03783 0.03796 0.03622 0.03634 0.03512 0.03618
  0.03645 0.03539 0.03556 0.0344  0.03537 0.03536 0.03516 0.03575 0.03517
  0.03528 0.03522 0.03749 0.0347  0.03751 0.03483 0.03508 0.03586 0.03756
  0.03644 0.03645 0.03612 0.0378  0.03755 0.03838 0.03853 0.03874 0.03991
  0.03946 0.0389  0.03937 0.04077 0.04088 0.04149 0.04103 0.04251 0.04206
  0.04312 0.04312 0.04485 0.04384 0.04447 0.04457 0.04505 0.04564 0.0452
  0.04568 0.04545 0.04527 0.04669 0.04659 0.0462  0.04688 0.04673 0.04735
  0.04707 0.04796 0.04794 0.04734 0.04835 0.04789 0.04736 0.04822 0.04697
  0.04814 0.04814 0.04845 0.04734 0.04832 0.04705 0.04801 0.04754 0.04847
  0.04877 0.04861 0.04846 0.04766 0.047   0.04867 0.04811 0.0484  0.04749
  0.04751 0.04798 0.04844 0.047   0.04796 0.04748 0.0474  0.04753 0.04644
  0.04706 0.04814 0.04808 0.04808 0.04785 0.04721 0.04836 0.04791 0.04918
  0.04759 0.0482  0.04764 0.04845 0.04774 0.04865 0.04823 0.04815 0.04739
  0.04728 0.04806 0.04795 0.04873 0.04733 0.04831 0.04818 0.04742 0.04857
  0.04824 0.05001 0.04927 0.04939 0.04916 0.04966 0.04814 0.04792 0.04911
  0.04938 0.04785 0.04996 0.04941 0.05022 0.05003 0.04975 0.04938 0.04961
  0.04916 0.0491  0.04932 0.05022 0.05056 0.04988 0.0493  0.04944 0.04918
  0.05069 0.04922 0.04976 0.0503  0.05101 0.04949 0.04871 0.05011 0.05059
  0.05097 0.05074 0.04987 0.05093 0.05067 0.05101 0.04987 0.05121 0.05058
  0.05112 0.05182 0.05267 0.05191 0.0522  0.05235 0.05216 0.05271 0.05239
  0.05243 0.05251 0.05263 0.05331 0.05471 0.05318 0.05463 0.05449 0.05485
  0.05375 0.0546  0.05555 0.05502 0.05591 0.05536 0.05584 0.0575  0.05632
  0.05783 0.05633 0.05658 0.05758 0.05772 0.05755 0.05762 0.05718 0.05927
  0.05952 0.05856 0.06001 0.05843 0.06041 0.06032 0.06029 0.06078 0.06213
  0.06135 0.0613  0.06325 0.06311 0.06392 0.06251 0.06374 0.06231 0.0646
  0.06366 0.06588 0.0667  0.06639 0.06684 0.0671  0.06746 0.06794 0.06776
  0.06808 0.0688  0.06942 0.07006 0.07007 0.07028 0.07015 0.0715  0.0712
  0.07245 0.07353 0.07219 0.07352 0.07254 0.07398 0.07434 0.07566 0.07509
  0.07396 0.07522 0.07626 0.07599 0.07722 0.07601 0.07719 0.07735 0.07735
  0.07837 0.0783  0.07919 0.08056 0.08111 0.07994 0.08047 0.08078 0.08115
  0.08173 0.0824  0.08328 0.08335 0.08382 0.08398 0.08456 0.08466 0.08516
  0.08435 0.08572 0.08548 0.08568 0.08676 0.08747 0.08693 0.08846 0.08879
  0.08847 0.08862 0.08915 0.08955 0.09084 0.08958 0.09061 0.09072 0.09123
  0.09134 0.09239 0.09169 0.09191 0.09256 0.09272 0.09383 0.0921  0.09302
  0.09334 0.09523 0.09526 0.09478 0.09383 0.09473 0.09492 0.09485 0.09471
  0.09502 0.09629 0.09567 0.09576 0.09558 0.0963  0.09668 0.09724 0.09669
  0.09768 0.09756 0.09687 0.09695 0.09763 0.09892 0.09775 0.09869 0.09893
  0.09758 0.0988  0.09921 0.09983 0.09927 0.09936 0.09948 0.09807 0.10013
  0.09932 0.09905 0.10102 0.10041 0.09927 0.1003  0.1009  0.10103 0.10125
  0.10035 0.10095 0.10163 0.09996 0.10112 0.10179 0.10045 0.10095 0.10145
  0.1023  0.10196 0.10219 0.10109 0.10245 0.10205 0.10146 0.10148 0.10151
  0.1031  0.1033  0.1025  0.10294 0.10242 0.10174 0.10249 0.10289 0.10181
  0.1036  0.10187 0.10283 0.10354 0.10321 0.10288 0.10312 0.10344 0.10319
  0.1038  0.10267 0.10314 0.10394 0.10408 0.10255 0.10314 0.10445 0.10335
  0.10379 0.10361 0.10279 0.10296 0.10394 0.10356 0.1045  0.10347 0.10437
  0.10461 0.10445 0.10428 0.10332 0.1045  0.10444 0.10428 0.10401 0.1022
  0.10373 0.10357 0.10342 0.10413 0.10343 0.10474 0.10393 0.10454 0.10364
  0.10415 0.10414 0.10463 0.10427 0.10486 0.10463 0.10394 0.10533 0.10496
  0.10437 0.10452 0.10386 0.10472 0.10448 0.10613 0.10389 0.10512 0.10574
  0.10465 0.10423 0.10604 0.10456 0.10432 0.10538 0.10591 0.10526 0.10514
  0.10527 0.1067  0.10568 0.10545 0.10532 0.10643 0.10582 0.10524 0.10573
  0.10737 0.10617 0.10742 0.10666 0.10576 0.10619 0.10746 0.10602 0.10739
  0.10627 0.10739 0.10773 0.10832 0.10768 0.10648 0.10798 0.10862 0.10733
  0.10945 0.10788 0.10769 0.10798 0.10866 0.10964 0.10938 0.1085  0.10872
  0.10892 0.10943 0.1091  0.10921 0.10947 0.10972 0.1089  0.10934 0.11046
  0.10954 0.10927 0.10961 0.11069 0.11095 0.11088 0.11087 0.11068 0.11029
  0.11116 0.11037 0.10959 0.11172 0.1114  0.11109 0.11184 0.1115  0.11039
  0.11016 0.11144 0.11206 0.11203 0.11067 0.11263 0.11205 0.1111  0.11157
  0.11317 0.11361 0.11371 0.11272 0.11301 0.11294 0.11173 0.11284 0.11234
  0.11226 0.11289 0.11338 0.11352 0.11373 0.11314 0.11417 0.11385 0.11438
  0.11398 0.11385 0.11401 0.11445 0.1143  0.1154  0.1134  0.11468 0.11476
  0.11453 0.11429 0.11366 0.11536 0.11559 0.11548 0.11521 0.11519 0.1153
  0.11494 0.11426 0.1158  0.11475 0.11461 0.11606 0.11376 0.11521 0.11538
  0.11612 0.11577 0.11733 0.11533 0.11632 0.11508 0.11603 0.11667 0.116
  0.11628 0.11516 0.11625 0.11652 0.11545 0.11536 0.11626 0.11575 0.11678
  0.11652 0.11615 0.11611 0.11647 0.11669 0.1168  0.11715 0.11701 0.11698
  0.11688 0.11559 0.11813 0.1175  0.11843 0.11656 0.11742 0.11735 0.11807
  0.11877 0.11739 0.11684 0.11755 0.11753 0.11738 0.11768 0.11787 0.11796
  0.11813 0.11846 0.11798 0.11816 0.1185  0.11801 0.11827 0.1183  0.11898
  0.11878 0.11827 0.11881 0.11782 0.11947 0.1182  0.11831 0.11862 0.11759
  0.11997 0.12035 0.12034 0.11894 0.11961 0.11988 0.11941 0.11953 0.11915
  0.1194  0.11863 0.11994 0.11999 0.12023 0.12127 0.12003 0.12068 0.1203
  0.12143 0.12071 0.11892 0.12125 0.12099 0.12089 0.12168 0.11977 0.12061
  0.12152 0.12146 0.12114 0.12127 0.12179 0.12253 0.12193 0.12222 0.12184
  0.12096 0.12156 0.12246 0.12297 0.12292 0.12201 0.12317 0.12294 0.12315
  0.12298 0.12322 0.12386 0.12349 0.12308 0.12415 0.12347 0.12467 0.12467
  0.12355 0.12469 0.12402 0.12499 0.12524 0.12512 0.12585 0.12498 0.12481
  0.12543 0.1267  0.12609 0.12679 0.1267  0.12575 0.1273  0.12624 0.12667
  0.12644 0.12714 0.12716 0.12677 0.12875 0.12751 0.12875 0.12829 0.129
  0.12944 0.12835 0.12818 0.12924 0.12866 0.12913 0.12961 0.12945 0.1302
  0.13091 0.13043 0.12964 0.13118 0.13143 0.13026 0.13162 0.132   0.13227
  0.13127 0.13261 0.13254 0.13188 0.13282 0.13331 0.13404 0.13281 0.13481
  0.13473 0.13512 0.13447 0.13503 0.13568 0.13656 0.13574 0.13712 0.13712
  0.13637 0.13707 0.13749 0.13728 0.13639 0.1382  0.13773 0.13844 0.13873
  0.13858 0.13898 0.14052 0.13876 0.14038 0.13984 0.14083 0.14115 0.14103
  0.1422  0.14155 0.14266 0.14184 0.14212 0.14291 0.14211 0.14379 0.1436
  0.14433 0.14294 0.14454 0.14519 0.14529 0.14606 0.14537 0.14556 0.14658
  0.1457  0.14703 0.14772 0.14857 0.14751 0.148   0.14901 0.14836 0.14845
  0.14878 0.14943 0.14872 0.14978 0.14947 0.15161 0.14975 0.15048 0.15151
  0.15126 0.15138 0.15212 0.15196 0.15288 0.15432 0.15232 0.15365 0.15322
  0.15384 0.15465 0.15496 0.15504 0.1547  0.15589 0.1563  0.15583 0.15496
  0.15561 0.15646 0.15675 0.15718 0.15655 0.15681 0.15758 0.15824 0.15868
  0.15792 0.15708 0.15775 0.15887 0.15928 0.15855 0.15951 0.1593  0.16
  0.15927 0.15929 0.1596  0.16007 0.16019 0.15863 0.15983 0.15992 0.15987
  0.1605  0.16068 0.16006 0.15977 0.15967 0.16066 0.15939 0.16117 0.16049
  0.16087 0.16233 0.16077 0.1614  0.16086 0.16044 0.16125 0.16077 0.16262
  0.16156 0.16147 0.16077 0.16021 0.16081 0.16076 0.16088 0.16025 0.16134
  0.16062 0.16029 0.16041 0.16158 0.16167 0.15991 0.16094 0.16088 0.16091
  0.16087 0.1606  0.16138 0.16121 0.16096 0.1612  0.16094 0.16135 0.16221
  0.16093 0.16211 0.16076 0.16163 0.16259 0.16148 0.16151 0.16208 0.1607
  0.16086 0.16114 0.16141 0.16179 0.16176 0.16196 0.16306 0.16369 0.16385
  0.16352 0.16305 0.16355 0.16408 0.16348 0.16465 0.16445 0.16565 0.16513
  0.16614 0.16564 0.16632 0.16674 0.16745 0.16939 0.16781 0.16738 0.16926
  0.16973 0.17075 0.17194 0.17123 0.17163 0.17133 0.17354 0.17397 0.17405
  0.17342 0.17577]
 [0.08507 0.08401 0.08162 0.08111 0.07931 0.07812 0.07702 0.07584 0.07531
  0.07375 0.07207 0.07278 0.07136 0.06894 0.06899 0.06678 0.06653 0.06558
  0.06355 0.06353 0.06134 0.06158 0.06075 0.05973 0.06074 0.05768 0.05808
  0.05762 0.05607 0.05594 0.05406 0.05422 0.05384 0.05253 0.05151 0.05139
  0.05073 0.0498  0.05026 0.04878 0.04868 0.04754 0.04667 0.04623 0.04603
  0.04446 0.04428 0.04311 0.04257 0.04273 0.04266 0.04059 0.04109 0.04054
  0.04099 0.04047 0.04068 0.03977 0.0382  0.03858 0.03816 0.03672 0.03756
  0.03526 0.03637 0.03609 0.03574 0.03486 0.03595 0.0343  0.03344 0.03314
  0.03445 0.03346 0.03351 0.03353 0.03373 0.03203 0.03299 0.03225 0.03363
  0.03279 0.03367 0.03254 0.03205 0.03336 0.0329  0.03317 0.03312 0.03407
  0.03444 0.03393 0.0337  0.03383 0.0351  0.0359  0.03565 0.03584 0.03675
  0.03687 0.0369  0.03669 0.03672 0.03731 0.03911 0.03952 0.03991 0.03921
  0.0392  0.03991 0.04147 0.04088 0.04194 0.04242 0.04226 0.04201 0.04265
  0.04287 0.04268 0.04441 0.04446 0.04507 0.0449  0.04436 0.04559 0.04464
  0.0456  0.04613 0.04535 0.04593 0.04614 0.04612 0.0468  0.04744 0.04638
  0.04637 0.04739 0.04707 0.04652 0.04673 0.04576 0.04731 0.04842 0.0479
  0.04672 0.04766 0.04593 0.04742 0.04665 0.04675 0.04611 0.04601 0.04607
  0.04564 0.04559 0.04595 0.04553 0.04606 0.04588 0.04567 0.0455  0.04501
  0.04405 0.04571 0.04452 0.04505 0.04429 0.04361 0.04468 0.04441 0.0439
  0.04348 0.04425 0.0436  0.04296 0.04358 0.04283 0.0442  0.04262 0.0428
  0.04297 0.04233 0.04331 0.04268 0.04178 0.04297 0.04138 0.04348 0.04207
  0.04289 0.04208 0.04252 0.04334 0.04162 0.04181 0.04293 0.0427  0.04288
  0.04195 0.04315 0.04323 0.04203 0.04307 0.04397 0.04331 0.0441  0.04383
  0.04354 0.0453  0.04506 0.0455  0.04573 0.045   0.04513 0.04701 0.04674
  0.04656 0.04682 0.04625 0.04789 0.0473  0.04741 0.04729 0.04826 0.04933
  0.04896 0.04936 0.04935 0.04827 0.04924 0.05058 0.04938 0.04968 0.04943
  0.04978 0.04975 0.05072 0.05176 0.05123 0.05211 0.05236 0.05167 0.05267
  0.05269 0.0527  0.05285 0.05371 0.05306 0.05452 0.05507 0.05456 0.05524
  0.05548 0.0566  0.05733 0.05708 0.05865 0.05646 0.05694 0.05883 0.05908
  0.0599  0.05781 0.05891 0.05886 0.06031 0.06045 0.06006 0.0608  0.0608
  0.06147 0.06152 0.06249 0.0636  0.06319 0.06365 0.06478 0.06346 0.06549
  0.06639 0.06584 0.06575 0.06597 0.06587 0.06671 0.06718 0.06705 0.06766
  0.06833 0.0677  0.06825 0.06883 0.06941 0.0696  0.06954 0.06995 0.06943
  0.0696  0.0714  0.07135 0.07079 0.07217 0.07223 0.07222 0.0735  0.07227
  0.07364 0.07327 0.07337 0.07506 0.07591 0.07465 0.075   0.0759  0.07573
  0.07565 0.07634 0.07621 0.07776 0.07861 0.07847 0.07688 0.07785 0.07965
  0.07929 0.07831 0.07904 0.08112 0.07972 0.08007 0.08052 0.08147 0.08241
  0.08173 0.08219 0.08327 0.08348 0.08302 0.08194 0.08389 0.08374 0.08352
  0.08485 0.08568 0.08429 0.0851  0.08592 0.08795 0.08635 0.08612 0.08709
  0.08814 0.08772 0.08743 0.08889 0.08873 0.0904  0.08989 0.0909  0.09074
  0.0919  0.09288 0.09307 0.09291 0.0929  0.09401 0.09421 0.09458 0.095
  0.09523 0.09598 0.09475 0.09423 0.09536 0.09591 0.09588 0.09594 0.09644
  0.09694 0.0954  0.09654 0.0974  0.09679 0.09748 0.0983  0.09839 0.09985
  0.09802 0.09771 0.09803 0.09906 0.09985 0.09783 0.09902 0.09982 0.09996
  0.09896 0.09941 0.0995  0.10009 0.1     0.10015 0.09967 0.10002 0.10087
  0.10105 0.10131 0.1009  0.09997 0.09974 0.10091 0.09988 0.10037 0.10099
  0.101   0.10078 0.09955 0.10061 0.10053 0.10034 0.1006  0.10054 0.10098
  0.10086 0.10191 0.09926 0.10009 0.10057 0.10045 0.09967 0.10036 0.09983
  0.0995  0.10063 0.10152 0.10042 0.10014 0.10103 0.10026 0.10115 0.10057
  0.1005  0.10076 0.09956 0.10005 0.09886 0.10062 0.09947 0.09998 0.09999
  0.09925 0.09972 0.10027 0.09874 0.10065 0.09939 0.09898 0.09896 0.09974
  0.0991  0.09861 0.10062 0.09924 0.09859 0.09881 0.09912 0.09929 0.09896
  0.09988 0.09978 0.1004  0.10026 0.09837 0.09827 0.0982  0.0994  0.09913
  0.09985 0.09894 0.09858 0.09826 0.09868 0.09764 0.097   0.09777 0.09827
  0.09736 0.09855 0.09776 0.09697 0.0978  0.09784 0.09817 0.09769 0.09695
  0.09788 0.09798 0.09795 0.09718 0.09677 0.09679 0.09724 0.09764 0.09666
  0.0971  0.09617 0.09751 0.09638 0.09686 0.09666 0.09674 0.09728 0.09673
  0.09584 0.09783 0.09725 0.09722 0.09674 0.09742 0.09634 0.09665 0.09784
  0.09547 0.09774 0.09614 0.09676 0.09629 0.0961  0.0968  0.09597 0.09687
  0.09593 0.09586 0.09527 0.0954  0.09509 0.09619 0.09624 0.09681 0.09653
  0.09656 0.0958  0.09499 0.09642 0.09623 0.09607 0.09575 0.09626 0.0956
  0.09611 0.09581 0.0953  0.09485 0.09557 0.09532 0.09552 0.09645 0.09693
  0.09499 0.09423 0.09595 0.09576 0.09682 0.09639 0.09635 0.09677 0.09643
  0.096   0.09743 0.09642 0.09547 0.09677 0.09758 0.09608 0.09776 0.09778
  0.0968  0.09851 0.09747 0.09853 0.09772 0.09761 0.09952 0.09817 0.09935
  0.10011 0.09922 0.09929 0.09959 0.09969 0.09909 0.09995 0.09865 0.09846
  0.09951 0.10128 0.09993 0.10048 0.10132 0.10035 0.10022 0.10118 0.10159
  0.10209 0.1017  0.1016  0.10148 0.10241 0.10101 0.10221 0.10154 0.10228
  0.10137 0.10268 0.10254 0.10349 0.10272 0.10347 0.10275 0.10274 0.1038
  0.10367 0.10399 0.10401 0.10526 0.10362 0.10424 0.10495 0.10478 0.10477
  0.10605 0.10418 0.10596 0.10552 0.10539 0.10495 0.10649 0.10704 0.10657
  0.1073  0.10537 0.10797 0.10791 0.10804 0.10766 0.1086  0.10753 0.10831
  0.10833 0.10969 0.10854 0.10844 0.10859 0.10874 0.10858 0.10942 0.10985
  0.10965 0.11104 0.11124 0.1108  0.11177 0.11084 0.11096 0.112   0.11224
  0.11195 0.11236 0.11272 0.11289 0.11265 0.11292 0.11387 0.11409 0.11366
  0.11426 0.11573 0.11519 0.11611 0.11532 0.11573 0.11637 0.11687 0.11555
  0.11643 0.11761 0.11806 0.11804 0.11792 0.11917 0.11764 0.11852 0.11818
  0.11896 0.11879 0.11989 0.12048 0.12084 0.12054 0.12264 0.12252 0.12314
  0.12231 0.12285 0.12237 0.12374 0.12363 0.1257  0.12279 0.12607 0.12558
  0.12645 0.1262  0.12599 0.1279  0.12762 0.12685 0.12775 0.12823 0.12869
  0.13017 0.1296  0.13065 0.1303  0.13052 0.1308  0.1318  0.13132 0.13225
  0.13288 0.13159 0.13318 0.13453 0.13393 0.13449 0.13464 0.13422 0.13577
  0.13453 0.13567 0.13669 0.13624 0.13737 0.1371  0.13906 0.13764 0.13787
  0.13845 0.13944 0.1394  0.13978 0.14088 0.14134 0.14145 0.14349 0.1421
  0.14336 0.14325 0.14247 0.14319 0.14282 0.14532 0.1452  0.14532 0.14494
  0.14685 0.14553 0.14698 0.14699 0.14749 0.14764 0.14607 0.14782 0.14799
  0.14852 0.15043 0.14993 0.15037 0.15047 0.15102 0.15134 0.15153 0.15192
  0.15231 0.15381 0.15302 0.15266 0.15358 0.15423 0.15388 0.1549  0.15531
  0.15612 0.15648 0.15665 0.15656 0.15679 0.15771 0.15869 0.15764 0.15936
  0.15934 0.15981 0.16064 0.16055 0.16103 0.16053 0.16128 0.16119 0.16337
  0.16217 0.16284 0.16315 0.16281 0.16414 0.16531 0.16468 0.16553 0.16548
  0.16679 0.16552 0.16667 0.16752 0.16712 0.16767 0.16826 0.16873 0.16779
  0.16987 0.16935 0.16962 0.17059 0.17027 0.17116 0.17273 0.17147 0.17076
  0.17065 0.17359 0.17255 0.17409 0.17398 0.1744  0.17376 0.17539 0.17501
  0.17436 0.17539 0.17554 0.17612 0.17687 0.17711 0.17804 0.17842 0.17835
  0.17923 0.18006 0.17917 0.17996 0.17977 0.17956 0.18183 0.18051 0.18199
  0.1827  0.18209 0.18173 0.18226 0.18272 0.18424 0.18303 0.18398 0.18437
  0.18417 0.18342 0.18475 0.1862  0.1849  0.18593 0.18596 0.18688 0.18549
  0.1867  0.18627 0.18767 0.1868  0.1879  0.18733 0.18738 0.18916 0.18832
  0.18871 0.1888  0.18855 0.18906 0.18919 0.18933 0.18978 0.18989 0.18929
  0.1902  0.18904 0.19014 0.19084 0.19062 0.18975 0.19113 0.19071 0.19153
  0.19061 0.19189 0.19139 0.19167 0.19089 0.19142 0.19308 0.19112 0.19314
  0.19235 0.19142 0.19307 0.19244 0.19387 0.19297 0.19277 0.1924  0.19357
  0.19251 0.19182 0.19324 0.19271 0.19261 0.19251 0.19207 0.1931  0.19124
  0.19286 0.19433 0.19161 0.19334 0.19388 0.1917  0.19315 0.19213 0.19183
  0.1922  0.19213 0.19227 0.1933  0.19166 0.19288 0.19201 0.19299 0.19218
  0.19293 0.19305 0.19298 0.19319 0.19207 0.19128 0.19261 0.19343 0.19169
  0.19287 0.19305 0.1932  0.19289 0.19233 0.19263 0.19403 0.1946  0.19283
  0.19278 0.19212 0.19299 0.19242 0.19372 0.19484 0.19468 0.19318 0.19455
  0.19406 0.19554 0.19538 0.19444 0.19522 0.19628 0.19584 0.19725 0.19623
  0.19731 0.1956  0.19778 0.19773 0.19741 0.19789 0.19956 0.19967 0.19896
  0.19973 0.20029]
 [0.0884  0.08738 0.08592 0.08506 0.08361 0.0828  0.08189 0.07935 0.07881
  0.07751 0.07656 0.0757  0.07424 0.0736  0.0735  0.07096 0.07121 0.07073
  0.06817 0.06881 0.06728 0.06607 0.06604 0.06403 0.06404 0.06219 0.06124
  0.06071 0.06111 0.05942 0.05793 0.0585  0.05688 0.05628 0.0554  0.05542
  0.05539 0.05389 0.0522  0.05194 0.05091 0.05149 0.05008 0.04971 0.04858
  0.04795 0.0478  0.04707 0.04639 0.04556 0.04508 0.04416 0.04267 0.04415
  0.04188 0.04146 0.04116 0.04122 0.04099 0.03995 0.03966 0.03964 0.03859
  0.03682 0.03732 0.03746 0.03662 0.03574 0.03591 0.03522 0.03574 0.03556
  0.03472 0.03428 0.03496 0.03407 0.03434 0.03371 0.03305 0.03301 0.03443
  0.03364 0.03432 0.03305 0.03324 0.03482 0.0346  0.03357 0.03386 0.0337
  0.03587 0.03436 0.03504 0.03523 0.03561 0.03644 0.03636 0.03622 0.03563
  0.03775 0.03753 0.0377  0.03893 0.03847 0.03898 0.03854 0.0393  0.03896
  0.03935 0.0406  0.04    0.04181 0.04086 0.04067 0.04178 0.04164 0.04229
  0.04273 0.04314 0.04321 0.04361 0.04381 0.04328 0.04315 0.04315 0.04459
  0.04312 0.04459 0.04415 0.04431 0.04316 0.04492 0.04602 0.04528 0.04404
  0.04422 0.04554 0.04525 0.04453 0.04564 0.04561 0.04521 0.04603 0.04564
  0.04438 0.04629 0.04457 0.04585 0.0449  0.0448  0.04511 0.04476 0.0453
  0.0438  0.04448 0.04435 0.04478 0.04484 0.04469 0.04454 0.04314 0.04468
  0.04454 0.04536 0.04393 0.04433 0.04513 0.04412 0.04456 0.04453 0.04453
  0.04428 0.044   0.04436 0.04405 0.04369 0.04301 0.04285 0.04283 0.0441
  0.04409 0.04446 0.04394 0.04253 0.04356 0.04351 0.04346 0.04445 0.04432
  0.04356 0.04316 0.0438  0.04361 0.04422 0.04343 0.04576 0.04471 0.04417
  0.04515 0.04513 0.04475 0.0437  0.04363 0.04449 0.04545 0.04475 0.04428
  0.04562 0.04564 0.04542 0.04648 0.04588 0.04581 0.04498 0.04541 0.04538
  0.0456  0.04585 0.04559 0.04624 0.04531 0.04615 0.04666 0.04581 0.04583
  0.04618 0.04588 0.04566 0.04597 0.04589 0.04551 0.0463  0.04598 0.0457
  0.0459  0.04752 0.04544 0.0473  0.04652 0.04651 0.04604 0.04715 0.04732
  0.04682 0.04723 0.0479  0.04732 0.04709 0.04769 0.04848 0.0477  0.04855
  0.04812 0.04848 0.04871 0.0499  0.0506  0.05008 0.05009 0.05051 0.04891
  0.05028 0.0514  0.05005 0.05019 0.05121 0.0511  0.05231 0.05178 0.05233
  0.05186 0.05281 0.05315 0.05311 0.05376 0.0542  0.05454 0.05473 0.05474
  0.0552  0.05448 0.055   0.05516 0.05623 0.05677 0.05723 0.05693 0.05643
  0.05729 0.05803 0.0576  0.05764 0.05892 0.05941 0.05968 0.05923 0.05935
  0.06051 0.06092 0.06143 0.06043 0.06169 0.06229 0.06208 0.06372 0.06479
  0.0631  0.06516 0.06451 0.06467 0.06424 0.06468 0.06549 0.06629 0.06627
  0.06568 0.06662 0.06713 0.06791 0.06792 0.06718 0.06829 0.06935 0.06926
  0.06899 0.06894 0.06939 0.06931 0.07101 0.07101 0.071   0.0734  0.07178
  0.07203 0.07278 0.07303 0.07336 0.07501 0.07448 0.07541 0.07625 0.07643
  0.07563 0.07665 0.07686 0.07777 0.07793 0.07888 0.07906 0.07921 0.07896
  0.0792  0.08036 0.07993 0.0807  0.08078 0.08213 0.08278 0.08224 0.08397
  0.08306 0.08443 0.084   0.08337 0.0833  0.08563 0.08427 0.08581 0.08554
  0.08569 0.08692 0.08512 0.08622 0.08736 0.08746 0.08744 0.08869 0.08927
  0.08884 0.0881  0.08898 0.08938 0.08853 0.08951 0.08947 0.08982 0.08919
  0.09133 0.09105 0.09161 0.09236 0.09229 0.09178 0.09184 0.09356 0.09226
  0.09317 0.09253 0.09353 0.09218 0.09471 0.09366 0.09472 0.09265 0.09387
  0.09403 0.09361 0.09329 0.09387 0.0942  0.09504 0.09419 0.09545 0.09376
  0.09417 0.09629 0.09632 0.09598 0.09679 0.09547 0.09459 0.09678 0.09554
  0.0964  0.09597 0.09536 0.09654 0.09508 0.09729 0.09606 0.09572 0.09671
  0.09762 0.09693 0.09668 0.09679 0.0965  0.09562 0.09658 0.09672 0.09706
  0.09759 0.09716 0.09717 0.0965  0.09844 0.09768 0.09832 0.09826 0.09832
  0.09923 0.09757 0.09866 0.09787 0.09798 0.09748 0.09896 0.09851 0.0977
  0.098   0.09807 0.09891 0.09844 0.09793 0.09862 0.09778 0.09809 0.09799
  0.09831 0.09796 0.09909 0.09856 0.09902 0.09791 0.09782 0.09832 0.09905
  0.09905 0.09924 0.09893 0.09816 0.09847 0.10008 0.09837 0.09829 0.09938
  0.09952 0.09886 0.09644 0.09876 0.09851 0.09889 0.09747 0.09815 0.09964
  0.09824 0.09783 0.09779 0.09853 0.09849 0.09813 0.09797 0.09804 0.09884
  0.09808 0.09874 0.09802 0.09846 0.09783 0.09648 0.09913 0.09894 0.09859
  0.09864 0.09793 0.0988  0.09871 0.09794 0.09791 0.09698 0.0985  0.09823
  0.09773 0.09757 0.09944 0.09692 0.09676 0.09789 0.09698 0.09862 0.09776
  0.09789 0.09645 0.09743 0.09848 0.09739 0.09799 0.09741 0.09743 0.09676
  0.09692 0.09786 0.0972  0.09712 0.09741 0.09751 0.09783 0.09679 0.09686
  0.09653 0.09701 0.09757 0.09741 0.09795 0.09697 0.09646 0.09772 0.09784
  0.09696 0.09662 0.09706 0.09671 0.09762 0.09715 0.09768 0.09798 0.09707
  0.09759 0.09812 0.0972  0.09735 0.0971  0.09751 0.0976  0.09705 0.0982
  0.09761 0.09878 0.09703 0.09899 0.09819 0.09925 0.09865 0.09796 0.09938
  0.09767 0.09788 0.09882 0.09906 0.0998  0.09967 0.09887 0.09935 0.09928
  0.09997 0.10084 0.09907 0.10004 0.09993 0.09997 0.10113 0.10032 0.10126
  0.10031 0.09982 0.10051 0.10145 0.10117 0.10157 0.0999  0.10188 0.10117
  0.10183 0.10159 0.10229 0.10245 0.10093 0.10212 0.10204 0.10236 0.10285
  0.1035  0.10245 0.10356 0.10405 0.1036  0.10484 0.10287 0.10431 0.10374
  0.10337 0.10448 0.10388 0.10324 0.10529 0.10426 0.10464 0.10389 0.10478
  0.10337 0.10516 0.10472 0.10616 0.10569 0.10545 0.10529 0.10586 0.10694
  0.10513 0.10624 0.10646 0.10718 0.10862 0.10734 0.10672 0.10675 0.10916
  0.10785 0.10729 0.10858 0.10816 0.108   0.10975 0.10814 0.10966 0.10935
  0.10984 0.11041 0.10939 0.11011 0.10978 0.1108  0.11127 0.11086 0.11174
  0.1104  0.11186 0.11255 0.11224 0.11157 0.11227 0.11343 0.11295 0.115
  0.11323 0.11302 0.11394 0.11424 0.11512 0.11545 0.11519 0.11565 0.11626
  0.11768 0.11727 0.11692 0.11675 0.11827 0.11874 0.11887 0.11946 0.1199
  0.11997 0.11953 0.12025 0.12072 0.12094 0.12118 0.12139 0.12228 0.1235
  0.12208 0.12328 0.12352 0.1242  0.1244  0.12461 0.12492 0.1252  0.12474
  0.12577 0.12611 0.12599 0.12732 0.12794 0.1286  0.12787 0.12886 0.12861
  0.12993 0.12947 0.1298  0.1296  0.13111 0.13234 0.13232 0.13209 0.13291
  0.13139 0.13343 0.13336 0.13488 0.13456 0.13483 0.13408 0.13498 0.13574
  0.13622 0.13551 0.13709 0.13823 0.13732 0.13759 0.1384  0.13962 0.13931
  0.13856 0.13995 0.13959 0.14209 0.14152 0.14211 0.14165 0.14258 0.14285
  0.14386 0.14325 0.14456 0.14407 0.14387 0.14425 0.1443  0.1457  0.14706
  0.14701 0.14525 0.14701 0.14775 0.1474  0.14871 0.14953 0.15025 0.14994
  0.15025 0.15096 0.15121 0.15166 0.15137 0.15165 0.15344 0.15274 0.15328
  0.15388 0.15418 0.15515 0.15566 0.15569 0.15658 0.15572 0.15637 0.15683
  0.15668 0.15843 0.1591  0.15877 0.1599  0.1604  0.16067 0.16142 0.16119
  0.16094 0.16148 0.16072 0.16202 0.16304 0.16296 0.16348 0.16359 0.16374
  0.16518 0.16586 0.16584 0.16637 0.16708 0.16796 0.16867 0.16876 0.16841
  0.16953 0.1687  0.17015 0.16974 0.16937 0.17125 0.17147 0.1716  0.17171
  0.17315 0.17239 0.17311 0.17327 0.17383 0.17431 0.17552 0.1739  0.17528
  0.1762  0.17646 0.17732 0.17707 0.17714 0.17744 0.17864 0.1789  0.1791
  0.17975 0.18026 0.17985 0.18056 0.18043 0.18171 0.18207 0.18332 0.18109
  0.18265 0.18197 0.18399 0.18334 0.18394 0.18433 0.18469 0.18594 0.18556
  0.18643 0.18686 0.1879  0.1862  0.18881 0.18852 0.18831 0.18936 0.18936
  0.19074 0.1899  0.19056 0.19014 0.19022 0.19187 0.19147 0.19405 0.19206
  0.19309 0.1927  0.19344 0.19346 0.19384 0.19368 0.19368 0.19515 0.19452
  0.19631 0.19526 0.19611 0.19743 0.19616 0.19727 0.19695 0.19575 0.19717
  0.19748 0.19791 0.19766 0.19782 0.19821 0.19836 0.19886 0.19818 0.19963
  0.19939 0.19855 0.20077 0.1999  0.19973 0.19958 0.20057 0.20009 0.20101
  0.19955 0.20126 0.20052 0.20046 0.20168 0.2019  0.20193 0.20106 0.20157
  0.20177 0.20198 0.2019  0.20267 0.20346 0.2039  0.20334 0.20137 0.20236
  0.20246 0.20351 0.20318 0.20253 0.20349 0.20375 0.2029  0.20335 0.20362
  0.2038  0.2031  0.20246 0.20256 0.20294 0.20371 0.20315 0.20474 0.20289
  0.20337 0.20382 0.20478 0.20455 0.20416 0.20364 0.2047  0.20369 0.20461
  0.20489 0.205   0.20478 0.20497 0.20472 0.20604 0.20551 0.20474 0.20476
  0.20587 0.20516 0.20799 0.20644 0.20667 0.20634 0.20849 0.20801 0.20822
  0.20844 0.20823 0.20982 0.20898 0.20979 0.2098  0.21012 0.21126 0.21182
  0.21175 0.21081]]
Mean: 0.10316, Std Dev: 0.05091
