[[0.      0.00287 0.00402 0.00484 0.0055  0.00606 0.00653 0.00694 0.00731
  0.00765 0.00795 0.00824 0.00852 0.00877 0.00903 0.00928 0.00952 0.00975
  0.00999 0.01021 0.01043 0.01065 0.01088 0.01113 0.01138 0.01163 0.01187
  0.0121  0.01232 0.01252 0.0127  0.0129  0.01308 0.01327 0.01347 0.01367
  0.01388 0.01409 0.0143  0.01452 0.01474 0.01497 0.01519 0.01541 0.01562
  0.01583 0.01604 0.01624 0.01643 0.01662 0.01682 0.01702 0.01722 0.01743
  0.01763 0.01783 0.01802 0.01819 0.01835 0.01849 0.01861 0.01872 0.01884
  0.01895 0.01908 0.01922 0.01938 0.01956 0.01974 0.01995 0.02016 0.02038
  0.02059 0.02081 0.02103 0.02122 0.02141 0.02158 0.02176 0.02192 0.02208
  0.02224 0.02241 0.02257 0.02273 0.02289 0.02306 0.02322 0.02335 0.02349
  0.0236  0.02368 0.02374 0.02382 0.02389 0.02395 0.02404 0.02416 0.02429
  0.02445]]
Mean: 0.01598, Std Dev: 0.00589
