[0.03928 0.03943 0.03987 0.04028 0.04087 0.04145 0.04183 0.04212 0.04206
 0.04189 0.04177 0.04112 0.0403  0.03962 0.0388  0.03803 0.03736 0.03662
 0.03605 0.03578 0.03565 0.03576 0.03611 0.03664 0.0374  0.03821 0.03931
 0.04044 0.04177 0.04499 0.052   0.04658 0.04267 0.04136 0.04064 0.04019
 0.04012 0.04034 0.04058 0.04093 0.04106 0.04109 0.04098 0.04061 0.04016
 0.03979 0.03927 0.03887 0.03849 0.038   0.03783 0.03767 0.03756 0.0377
 0.03787 0.03822 0.0386  0.03879 0.03904 0.03941 0.03948 0.03961 0.03978
 0.0402  0.04049 0.04087 0.04144 0.04195 0.04247 0.04289 0.04302 0.04288
 0.04257 0.04212 0.04159 0.04071 0.03993 0.03904 0.03834 0.0376  0.03711
 0.03677 0.03653 0.03654 0.03683 0.03743 0.03804 0.03886 0.03977 0.04086
 0.04205 0.04426 0.05067 0.04873 0.04412 0.04233 0.04161 0.04116 0.04087
 0.04098]
Mean: 0.04020, Std Dev: 0.00281
