[[0.02301 0.02241 0.02195 0.02166 0.02131 0.02096 0.02058 0.02034 0.02002
  0.01962 0.01941 0.01914 0.01903 0.01878 0.01875 0.0186  0.01856 0.01863
  0.01863 0.01876 0.0187  0.01881 0.01887 0.0189  0.01908 0.01925 0.01945
  0.01971 0.01994 0.02014 0.02029 0.02051 0.02075 0.0209  0.021   0.02117
  0.02126 0.02139 0.0216  0.02176 0.02191 0.02209 0.02217 0.02228 0.02234
  0.02252 0.02272 0.02281 0.02299 0.02309 0.02329 0.02334 0.02354 0.02365
  0.02376 0.02393 0.02403 0.02424 0.02444 0.02453 0.02481 0.02498 0.02521
  0.0254  0.02564 0.02577 0.02601 0.02618 0.02642 0.02675 0.02693 0.02711
  0.02741 0.02767 0.02795 0.0282  0.02852 0.02887 0.0292  0.02951 0.02992
  0.03025 0.03046 0.03092 0.03124 0.03157 0.03196 0.03233 0.03274 0.03308
  0.03348 0.03382 0.03425 0.03465 0.03517 0.03566 0.03609 0.03654 0.03704
  0.03757 0.03807 0.03861 0.03918 0.03962 0.04019 0.04073 0.0413  0.0418
  0.04243 0.04308 0.04362 0.04428 0.04492 0.0456  0.04631 0.04705 0.04775
  0.04848 0.0493  0.05014 0.05094 0.0517  0.05248 0.05342 0.05419 0.05503
  0.05592 0.05677 0.05757 0.05845 0.05929 0.06003 0.06071 0.06157 0.06231
  0.06301 0.06358 0.06416 0.06473 0.06532 0.0658  0.06623 0.06673 0.06717
  0.06763 0.06803 0.06832 0.06859 0.06896 0.06921 0.06946 0.06976 0.07
  0.07024 0.07042 0.0706  0.07071 0.07089 0.0711  0.0712  0.0713  0.07141
  0.07153 0.07158 0.07165 0.07184 0.07189 0.07198 0.07214 0.07213 0.07232
  0.07246 0.07252 0.07274 0.07298 0.07305 0.07335 0.0736  0.07371 0.07401
  0.07424 0.07451 0.07473 0.07497 0.07539 0.07569 0.07598 0.07636 0.07668
  0.0771  0.07756 0.07802 0.07846 0.07895 0.0794  0.08004 0.08057 0.08113
  0.08173 0.08236 0.08294 0.08348 0.08419 0.0848  0.0855  0.08618 0.08682
  0.08758 0.08822 0.08896 0.08965 0.09046 0.09113 0.09196 0.09272 0.09348
  0.09426 0.09515 0.09593 0.09685 0.09769 0.09844 0.09939 0.10025 0.10119
  0.10212 0.1032  0.10411 0.10513 0.10628 0.1074  0.10858 0.10968 0.11079
  0.11201 0.11316 0.11428 0.11563 0.11698 0.11825 0.11946 0.1207  0.12208
  0.12344 0.12512 0.12666 0.12835 0.13016 0.13199 0.13405 0.13613 0.13822
  0.14026 0.14237 0.1445  0.14668 0.14837 0.15007 0.15192 0.15338 0.15463
  0.15591 0.15718 0.15799 0.15854 0.15871 0.15864 0.15849 0.1582  0.15817
  0.15788 0.15761 0.15731 0.1569  0.15651 0.15597 0.15549 0.15495 0.15458
  0.15397 0.15336 0.1528  0.15232 0.1518  0.15126 0.1507  0.14992 0.14918
  0.14853 0.14787 0.14737 0.14668 0.14614 0.14545 0.14481 0.14432 0.14354
  0.1428  0.14235 0.14175 0.14117 0.14057 0.13989 0.1393  0.13883 0.1383
  0.13766 0.13708 0.1365  0.136   0.13544 0.13501 0.13443 0.13391 0.13352
  0.13304 0.13241 0.13208 0.13163 0.13126 0.13087 0.13045 0.13    0.12955
  0.12933 0.12911 0.12864 0.12829 0.12789 0.12759 0.12738 0.12717 0.12695
  0.12664 0.12644 0.12619 0.12601 0.12591 0.12581 0.12568 0.12573 0.12556
  0.1254  0.12542 0.12545 0.12559 0.1255  0.12556 0.1256  0.12585 0.12587
  0.12606 0.1261  0.12623 0.12639 0.12679 0.1269  0.12715 0.1273  0.1275
  0.12787 0.12798 0.12829 0.12855 0.12913 0.12937 0.12977 0.12999 0.13028
  0.13076 0.1311  0.13151 0.13169 0.13211 0.13258 0.13276 0.13322 0.1336
  0.13407 0.13432 0.13467 0.13497 0.13531 0.13574 0.13613 0.1365  0.13677
  0.13697 0.13744 0.13767 0.13807 0.13842 0.13869 0.13898 0.1392  0.13946
  0.13972 0.1399  0.14011 0.14023 0.14034 0.14038 0.14054 0.14071 0.14075
  0.1408  0.14084 0.14079 0.14088 0.14062 0.14065 0.14054 0.14039 0.14035
  0.14017 0.13993 0.13967 0.13958 0.13928 0.13892 0.13852 0.13806 0.1379
  0.13759 0.13714 0.13678 0.1364  0.13608 0.13555 0.13504 0.13463 0.13421
  0.13351 0.13307 0.13248 0.13191 0.13133 0.13071 0.13026 0.12951 0.12871
  0.12815 0.12759 0.12687 0.1262  0.12548 0.12494 0.12424 0.12352 0.12267
  0.12198 0.12111 0.12034 0.11973 0.11889 0.11797 0.11733 0.11654 0.11583
  0.11496 0.11411 0.11333 0.1124  0.11168 0.11069 0.10996 0.10915 0.10817
  0.10737 0.10638 0.10557 0.10463 0.10375 0.10288 0.10201 0.10099 0.10027
  0.09927 0.09839 0.09753 0.09678 0.09573 0.09495 0.09408 0.0932  0.09225
  0.09151 0.09059 0.0898  0.08904 0.08822 0.08734 0.08657 0.08579 0.08513
  0.08433 0.08355 0.08279 0.08212 0.08135 0.08065 0.0801  0.07946 0.0788
  0.07821 0.07757 0.07698 0.07641 0.07597 0.07541 0.07493 0.07457 0.07421
  0.07372 0.07332 0.07297 0.07263 0.07247 0.07212 0.0721  0.07173 0.07166
  0.07145 0.07125 0.07123 0.07116 0.07113 0.07099 0.0712  0.07138 0.0714
  0.07149 0.07153 0.07172 0.07196 0.07203 0.07237 0.07268 0.07292 0.0732
  0.07359 0.0739  0.07436 0.07468 0.07512 0.07553 0.07604 0.07644 0.07686
  0.0774  0.07807 0.07844 0.07894 0.07961 0.08017 0.0807  0.08127 0.08171
  0.08238 0.08298 0.08364 0.08427 0.0848  0.08538 0.08602 0.08675 0.08729
  0.08785 0.08862 0.08917 0.08983 0.09039 0.09099 0.09165 0.0923  0.09294
  0.09343 0.09415 0.09472 0.09524 0.09584 0.09644 0.09711 0.09755 0.09817
  0.09874 0.09924 0.09986 0.10027 0.10078 0.10123 0.10165 0.10237 0.10269
  0.10322 0.10368 0.10413 0.10466 0.10498 0.1055  0.1058  0.10621 0.10664
  0.10715 0.1075  0.10777 0.10802 0.10843 0.10877 0.10905 0.10946 0.10964
  0.10989 0.11014 0.11043 0.11054 0.11079 0.1108  0.111   0.11123 0.11121
  0.1114  0.11156 0.11165 0.11168 0.11174 0.11186 0.11187 0.1118  0.11184
  0.11178 0.11177 0.11175 0.11168 0.1116  0.11156 0.11156 0.11121 0.11124
  0.11105 0.11093 0.11079 0.11066 0.11043 0.11015 0.10998 0.10974 0.1094
  0.10929 0.1088  0.10852 0.10822 0.10779 0.10759 0.10718 0.10689 0.10646
  0.10606 0.1057  0.10526 0.10487 0.10445 0.10405 0.10347 0.10298 0.1026
  0.10213 0.10159 0.10116 0.10058 0.10005 0.09943 0.09895 0.09834 0.09787
  0.09719 0.09658 0.096   0.09532 0.09482 0.09413 0.09349 0.09272 0.0921
  0.09155 0.09084 0.09013 0.08954 0.08877 0.08807 0.0875  0.08686 0.08613
  0.0854  0.08492 0.08407 0.08332 0.08275 0.08193 0.08129 0.08062 0.07984
  0.07895 0.07826 0.07758 0.07693 0.07624 0.07547 0.07481 0.07413 0.0734
  0.0728  0.07226 0.0716  0.071   0.07037 0.06979 0.06914 0.06848 0.06799
  0.06733 0.06685 0.06626 0.06583 0.06526 0.06472 0.0642  0.06362 0.06322
  0.06263 0.06232 0.06164 0.06131 0.06081 0.0603  0.05997 0.05948 0.05902
  0.05857 0.05827 0.05775 0.05741 0.05705 0.05658 0.05634 0.05592 0.0556
  0.05527 0.05503 0.0548  0.05439 0.05413 0.05398 0.05368 0.05353 0.05331
  0.05311 0.05298 0.05272 0.05255 0.05251 0.05238 0.05222 0.05203 0.0519
  0.05181 0.05178 0.05175 0.05175 0.05159 0.05156 0.05156 0.05157 0.05149
  0.05157 0.05159 0.05147 0.05151 0.05158 0.05171 0.05172 0.0518  0.0519
  0.05188 0.052   0.05229 0.05225 0.05228 0.05238 0.05268 0.05272 0.05289
  0.05303 0.05313 0.0533  0.05346 0.05373 0.05389 0.05397 0.05421 0.05447
  0.05461 0.05486 0.05494 0.05517 0.05535 0.05559 0.05572 0.05597 0.056
  0.05616 0.05638 0.05643 0.05654 0.0569  0.05711 0.05732 0.05761 0.05778
  0.05799 0.05817 0.05856 0.05878 0.05895 0.05914 0.0594  0.05949 0.0596
  0.05987 0.06013 0.06028 0.06057 0.06073 0.06085 0.0612  0.0615  0.06159
  0.06185 0.06189 0.06204 0.06212 0.06228 0.0625  0.06255 0.06268 0.06281
  0.06298 0.06312 0.06326 0.06338 0.06343 0.06352 0.06355 0.06363 0.0637
  0.06373 0.06385 0.06406 0.06415 0.06423 0.06435 0.06433 0.0646  0.06461
  0.06471 0.06466 0.06456 0.0647  0.06454 0.06463 0.06462 0.06458 0.06461
  0.06463 0.06479 0.06474 0.06476 0.06476 0.06467 0.06471 0.06485 0.06473
  0.06455 0.06449 0.06451 0.06446 0.06434 0.06437 0.06422 0.06418 0.06399
  0.0639  0.06398 0.06381 0.06379 0.06381 0.0637  0.06374 0.06356 0.06353
  0.06359 0.06335 0.06327 0.06326 0.06303 0.06299 0.06279 0.06276 0.06257
  0.06255 0.06248 0.06231 0.06215 0.0621  0.06205 0.06199 0.06206 0.06204
  0.06199 0.06198 0.06196 0.06195 0.06178 0.06173 0.06161 0.06131 0.06128
  0.06114 0.06092 0.06076 0.0607  0.06054 0.06033 0.06015 0.06006 0.05991
  0.05981 0.05981 0.05971 0.05959 0.05957 0.05952 0.05943 0.05938 0.05932
  0.05927 0.05914 0.05923 0.0591  0.05898 0.05885 0.05886 0.05879 0.05874
  0.05859 0.05859 0.05844 0.05844 0.05841 0.05849 0.0584  0.05849 0.05858
  0.05854 0.0587  0.05862 0.05871 0.05884 0.05884 0.05883 0.05904 0.05898
  0.05921 0.05915 0.05935 0.05946 0.05944 0.05969 0.05982 0.05991 0.06001
  0.06011 0.06031 0.06058 0.06091 0.06109 0.06136 0.06163 0.06184 0.06229
  0.06243 0.06273 0.06299 0.06325 0.0635  0.06369 0.06389 0.06427 0.06459
  0.06496 0.06516]
 [0.02255 0.0222  0.02185 0.02166 0.02135 0.02116 0.02099 0.02065 0.02039
  0.02021 0.01988 0.01971 0.01967 0.01933 0.01916 0.0189  0.01872 0.01867
  0.01847 0.01831 0.01821 0.01804 0.01799 0.01785 0.01781 0.01782 0.01781
  0.01771 0.01777 0.01771 0.01769 0.01771 0.01769 0.01763 0.01772 0.01762
  0.01766 0.01764 0.01756 0.01767 0.01771 0.01768 0.01762 0.01776 0.01765
  0.01772 0.01771 0.01773 0.01771 0.01777 0.01783 0.01786 0.01794 0.01795
  0.01803 0.0181  0.01812 0.01828 0.0183  0.01841 0.01856 0.01858 0.01875
  0.01882 0.01888 0.01897 0.01908 0.01925 0.01944 0.01961 0.01975 0.01984
  0.02005 0.02024 0.02034 0.02046 0.02053 0.02069 0.02083 0.02105 0.0212
  0.02127 0.02149 0.02153 0.02181 0.02193 0.02209 0.0222  0.02246 0.02256
  0.02279 0.02292 0.02308 0.02341 0.02369 0.02388 0.02417 0.0245  0.02485
  0.02528 0.02573 0.02616 0.0266  0.02713 0.02796 0.02852 0.02917 0.03
  0.03088 0.0317  0.03244 0.03346 0.03433 0.03534 0.03637 0.03753 0.03866
  0.03964 0.04082 0.04188 0.04301 0.04396 0.04503 0.04597 0.04686 0.04767
  0.04849 0.04929 0.04993 0.05064 0.05135 0.05207 0.05258 0.05329 0.05387
  0.05419 0.05494 0.0553  0.05574 0.05626 0.05653 0.05685 0.05725 0.0575
  0.05781 0.05811 0.05814 0.05837 0.0584  0.05849 0.05852 0.05851 0.05845
  0.05841 0.05832 0.05818 0.05803 0.05772 0.05751 0.05735 0.05705 0.0568
  0.05641 0.05606 0.05562 0.05521 0.05481 0.05419 0.05368 0.05324 0.05264
  0.05212 0.05153 0.05091 0.05032 0.04956 0.04906 0.04832 0.04756 0.04691
  0.0464  0.04546 0.04487 0.04421 0.04347 0.0427  0.0419  0.04126 0.04056
  0.03981 0.03917 0.03844 0.0379  0.03723 0.03669 0.03621 0.03572 0.03522
  0.03484 0.0346  0.03409 0.03387 0.03369 0.03363 0.03351 0.03358 0.03365
  0.03368 0.03391 0.03415 0.03451 0.03488 0.03518 0.03563 0.03638 0.03679
  0.03753 0.03818 0.03903 0.03977 0.04054 0.04136 0.04222 0.04322 0.04423
  0.0451  0.04618 0.04717 0.04815 0.04922 0.05033 0.05148 0.05261 0.05366
  0.05487 0.05588 0.05694 0.05816 0.05931 0.06044 0.0617  0.06289 0.06398
  0.06519 0.06649 0.0676  0.06884 0.06981 0.07104 0.0721  0.07314 0.07428
  0.07532 0.07648 0.07764 0.07879 0.08005 0.08115 0.08231 0.08352 0.08475
  0.08589 0.08707 0.08835 0.08942 0.0906  0.09193 0.09315 0.09462 0.0961
  0.09757 0.09907 0.10036 0.10159 0.10266 0.10358 0.10468 0.10563 0.10629
  0.10736 0.10837 0.10958 0.11082 0.11201 0.11307 0.1143  0.11508 0.11575
  0.11609 0.11615 0.11592 0.11579 0.11531 0.11539 0.11534 0.11528 0.11512
  0.11447 0.11424 0.1137  0.11334 0.11292 0.11242 0.11186 0.11136 0.11096
  0.11037 0.10994 0.10937 0.10889 0.1084  0.1077  0.10724 0.10671 0.10626
  0.10558 0.10519 0.1046  0.10408 0.1036  0.10312 0.10261 0.10226 0.10173
  0.10133 0.10093 0.10055 0.10009 0.09972 0.09941 0.09909 0.09883 0.09848
  0.09816 0.09789 0.09767 0.09724 0.09717 0.0969  0.09672 0.09649 0.09644
  0.09626 0.09611 0.09601 0.09583 0.09568 0.09565 0.09569 0.09567 0.09567
  0.09548 0.09565 0.09568 0.09578 0.09571 0.0958  0.09586 0.09606 0.09612
  0.09635 0.09641 0.09669 0.09675 0.09699 0.09716 0.09754 0.09768 0.09789
  0.0981  0.09839 0.09874 0.09899 0.0992  0.09948 0.09998 0.10026 0.10061
  0.10095 0.10127 0.1017  0.10204 0.10247 0.10284 0.10329 0.10362 0.10415
  0.10443 0.10494 0.1053  0.10574 0.10616 0.10649 0.10694 0.10741 0.10793
  0.10844 0.10875 0.10933 0.10951 0.10995 0.11035 0.11076 0.11106 0.1116
  0.11192 0.11224 0.11253 0.11299 0.11325 0.11359 0.11389 0.11414 0.11451
  0.11474 0.115   0.11514 0.11546 0.11577 0.11596 0.11605 0.11619 0.1164
  0.11659 0.11667 0.11679 0.1169  0.11697 0.11703 0.11701 0.11712 0.11713
  0.11713 0.11701 0.11695 0.11699 0.11667 0.11662 0.11652 0.11645 0.11614
  0.11603 0.11583 0.11563 0.11532 0.11506 0.11476 0.11456 0.11421 0.11399
  0.11361 0.1133  0.11289 0.11246 0.11201 0.11157 0.11111 0.11064 0.11018
  0.10974 0.10926 0.10867 0.10816 0.10759 0.10694 0.10654 0.10583 0.10541
  0.10471 0.10399 0.1036  0.10288 0.10216 0.10153 0.10098 0.10028 0.09956
  0.09902 0.09818 0.09762 0.09683 0.09619 0.09556 0.09461 0.09399 0.09332
  0.09252 0.09175 0.09102 0.0902  0.08941 0.0887  0.08802 0.08721 0.08637
  0.08568 0.08491 0.08402 0.08322 0.08254 0.0818  0.08094 0.08034 0.07942
  0.07886 0.07798 0.07721 0.0766  0.07586 0.07507 0.07436 0.07365 0.07286
  0.07217 0.07162 0.07108 0.07029 0.0697  0.06916 0.06855 0.06785 0.0673
  0.06684 0.06631 0.06585 0.06527 0.06481 0.06432 0.06396 0.06359 0.06302
  0.06283 0.06245 0.06217 0.06191 0.06168 0.06136 0.06121 0.06086 0.06083
  0.06065 0.06047 0.06036 0.0604  0.0604  0.06029 0.06045 0.06039 0.06046
  0.06057 0.06057 0.06087 0.06092 0.06105 0.06136 0.06164 0.06181 0.06208
  0.06243 0.0628  0.06303 0.06338 0.06373 0.06407 0.06441 0.06491 0.0653
  0.06568 0.06626 0.06658 0.06713 0.06757 0.06817 0.06843 0.06915 0.06966
  0.07006 0.07067 0.07112 0.07169 0.07222 0.07284 0.07343 0.0738  0.07448
  0.07495 0.0756  0.07619 0.07663 0.0773  0.07774 0.07829 0.07897 0.07943
  0.07998 0.08043 0.08095 0.08153 0.08204 0.08258 0.08308 0.08365 0.08409
  0.08453 0.08505 0.08554 0.08602 0.08654 0.08689 0.08737 0.08784 0.08824
  0.08864 0.08903 0.08935 0.08986 0.09009 0.09065 0.09088 0.09123 0.09156
  0.09197 0.09214 0.09255 0.09284 0.09317 0.09333 0.09365 0.09391 0.09414
  0.09431 0.09464 0.09475 0.09502 0.09515 0.09536 0.09537 0.09571 0.09573
  0.0957  0.096   0.09611 0.09617 0.09623 0.09618 0.09631 0.09637 0.09627
  0.0963  0.09638 0.09632 0.09631 0.09628 0.09624 0.09615 0.09605 0.09594
  0.09583 0.09576 0.09552 0.09543 0.09529 0.09514 0.09495 0.09475 0.09451
  0.09429 0.09412 0.09398 0.09375 0.09341 0.09315 0.09297 0.09259 0.09243
  0.09217 0.09175 0.09154 0.09114 0.09077 0.09042 0.09005 0.08969 0.0894
  0.089   0.08867 0.08816 0.08785 0.08741 0.087   0.08666 0.08616 0.08568
  0.08527 0.08475 0.0845  0.08403 0.08348 0.08308 0.08268 0.0822  0.08176
  0.08131 0.0809  0.08031 0.07992 0.07952 0.07893 0.07833 0.078   0.07758
  0.07712 0.07656 0.07622 0.07544 0.07521 0.07465 0.07428 0.07376 0.07333
  0.07298 0.07248 0.07199 0.07129 0.07108 0.07058 0.07002 0.06968 0.06916
  0.06883 0.06815 0.06769 0.06731 0.06672 0.06622 0.06589 0.06528 0.06479
  0.06435 0.06392 0.06357 0.06314 0.06245 0.06201 0.06151 0.06115 0.06062
  0.06016 0.05977 0.05924 0.05901 0.05858 0.05809 0.05769 0.05719 0.05679
  0.05641 0.05605 0.05557 0.05511 0.05481 0.05445 0.05414 0.05386 0.05348
  0.05303 0.05268 0.05238 0.05202 0.0518  0.05153 0.05132 0.05086 0.05059
  0.05036 0.0501  0.04995 0.04953 0.04946 0.04916 0.049   0.04878 0.04866
  0.04842 0.04808 0.04803 0.04771 0.04761 0.04744 0.04737 0.0472  0.04703
  0.04698 0.04681 0.04668 0.0466  0.04648 0.04638 0.04631 0.04629 0.04605
  0.046   0.04601 0.04599 0.04584 0.04587 0.04578 0.04584 0.0458  0.04576
  0.04575 0.04572 0.04572 0.04582 0.04572 0.04582 0.04589 0.04591 0.04593
  0.04607 0.04611 0.04615 0.04618 0.04616 0.04621 0.04624 0.04645 0.04639
  0.04642 0.04664 0.04668 0.04672 0.04686 0.04704 0.04715 0.04701 0.04713
  0.04736 0.04733 0.04751 0.0476  0.04765 0.04777 0.0478  0.04782 0.04807
  0.04806 0.04822 0.04823 0.04827 0.04832 0.0485  0.04858 0.04853 0.04869
  0.04876 0.04893 0.04898 0.04899 0.04896 0.04909 0.04907 0.04917 0.04923
  0.04936 0.04936 0.04944 0.04952 0.04962 0.04953 0.04972 0.04981 0.04985
  0.04982 0.04994 0.05002 0.04998 0.04996 0.05002 0.05004 0.05001 0.05007
  0.0501  0.05009 0.05009 0.05    0.05011 0.05014 0.05006 0.0501  0.05007
  0.05    0.04999 0.04995 0.04985 0.04984 0.04974 0.04961 0.04976 0.04951
  0.04957 0.04949 0.04951 0.04933 0.04934 0.04931 0.04916 0.04914 0.04909
  0.04908 0.04911 0.04901 0.04899 0.04904 0.0488  0.04872 0.0487  0.04872
  0.04859 0.04868 0.04857 0.04827 0.04834 0.04836 0.04822 0.0482  0.04813
  0.04802 0.04783 0.04777 0.04773 0.04745 0.04743 0.04735 0.04711 0.04719
  0.047   0.04683 0.04676 0.0466  0.04637 0.0462  0.04607 0.046   0.04576
  0.04569 0.04557 0.04546 0.04518 0.04511 0.04514 0.04496 0.04499 0.04483
  0.04473 0.04463 0.04448 0.04446 0.04434 0.0443  0.04431 0.04427 0.04425
  0.04428 0.04414 0.04414 0.0441  0.04408 0.04405 0.04417 0.04417 0.04408
  0.04409 0.04411 0.04419 0.04421 0.04429 0.0443  0.04434 0.04443 0.0445
  0.04455 0.04456 0.04466 0.04471 0.04477 0.04494 0.04505 0.04518 0.04531
  0.04552 0.04555 0.04572 0.04603 0.04621 0.04639 0.04658 0.04678 0.04724
  0.04733 0.04778]
 [0.02141 0.02091 0.02054 0.02019 0.02    0.01972 0.01941 0.01917 0.01894
  0.01869 0.01848 0.01837 0.01824 0.01792 0.01772 0.01765 0.01753 0.01745
  0.01732 0.01721 0.01709 0.01704 0.01702 0.01698 0.01698 0.01705 0.01704
  0.01711 0.01721 0.01731 0.01734 0.01733 0.01744 0.01745 0.01748 0.01754
  0.0177  0.0177  0.01791 0.01798 0.01808 0.01814 0.01824 0.0183  0.01845
  0.01853 0.01866 0.0188  0.01891 0.01916 0.01931 0.01939 0.0195  0.01965
  0.01981 0.01994 0.02006 0.02025 0.02051 0.02069 0.02083 0.02107 0.02122
  0.02138 0.0216  0.02181 0.02206 0.02227 0.02246 0.02272 0.02292 0.02308
  0.02333 0.02362 0.02386 0.02396 0.02431 0.0246  0.02485 0.02513 0.02535
  0.02566 0.02598 0.02622 0.02652 0.02676 0.02704 0.02732 0.02761 0.02782
  0.0281  0.02844 0.02872 0.02905 0.02931 0.02958 0.03016 0.03034 0.03075
  0.0311  0.03164 0.03197 0.03243 0.03299 0.0335  0.03397 0.03463 0.03523
  0.03601 0.03667 0.03746 0.0383  0.03912 0.0399  0.04081 0.04173 0.04258
  0.04347 0.04438 0.04525 0.04609 0.04692 0.04762 0.04835 0.04903 0.04966
  0.0504  0.05096 0.05145 0.05194 0.05231 0.05285 0.05325 0.05367 0.05393
  0.05412 0.05453 0.0548  0.05498 0.05516 0.05541 0.05556 0.0557  0.05579
  0.05581 0.05592 0.05605 0.05595 0.05603 0.05607 0.0561  0.05601 0.05596
  0.05603 0.05598 0.05589 0.05581 0.05566 0.05571 0.05554 0.05559 0.05551
  0.05556 0.05555 0.05546 0.05548 0.05553 0.05548 0.05549 0.05556 0.05561
  0.05573 0.05587 0.05592 0.05609 0.05635 0.05657 0.05676 0.05704 0.05742
  0.05777 0.05805 0.05849 0.05889 0.05912 0.05967 0.06007 0.06052 0.06108
  0.06149 0.06209 0.06255 0.0631  0.06369 0.06424 0.06483 0.06548 0.06618
  0.06679 0.06742 0.06818 0.06885 0.0696  0.07034 0.07106 0.07194 0.07278
  0.07354 0.07432 0.0751  0.07598 0.07681 0.07777 0.07858 0.07943 0.08028
  0.0812  0.08211 0.08307 0.08395 0.08495 0.08585 0.08705 0.08799 0.08918
  0.09028 0.09147 0.09266 0.09392 0.0951  0.09665 0.0981  0.09958 0.10096
  0.10256 0.10432 0.10624 0.10829 0.11028 0.11227 0.11444 0.11657 0.11916
  0.12151 0.12398 0.12644 0.12852 0.13058 0.13277 0.13445 0.13582 0.13701
  0.13796 0.1388  0.13912 0.13917 0.13921 0.13939 0.13973 0.13993 0.14004
  0.13995 0.13982 0.13969 0.13948 0.13909 0.1388  0.13841 0.13797 0.13765
  0.13724 0.13698 0.1364  0.1361  0.13567 0.13517 0.13473 0.13428 0.13391
  0.13341 0.13291 0.1326  0.13213 0.13179 0.13123 0.13085 0.1304  0.13002
  0.12956 0.12922 0.12877 0.12837 0.1281  0.12766 0.12721 0.12689 0.12659
  0.12621 0.12585 0.12561 0.12522 0.12493 0.12465 0.12429 0.12398 0.12383
  0.12349 0.12327 0.12291 0.12278 0.12266 0.12244 0.12231 0.12209 0.12184
  0.12164 0.12153 0.1213  0.12129 0.12118 0.12109 0.12101 0.12093 0.12077
  0.12075 0.12084 0.12079 0.12081 0.12084 0.12082 0.12086 0.12085 0.12103
  0.12097 0.12122 0.12126 0.12146 0.12157 0.12178 0.12191 0.12212 0.12234
  0.12254 0.12274 0.12309 0.12324 0.12358 0.12369 0.12414 0.12439 0.12478
  0.12511 0.12547 0.12584 0.12627 0.12669 0.12698 0.12746 0.12789 0.12831
  0.12863 0.129   0.12953 0.12996 0.13047 0.13091 0.1313  0.13171 0.13222
  0.13258 0.13298 0.13336 0.13381 0.13413 0.13466 0.13482 0.1353  0.13576
  0.136   0.13639 0.13666 0.13693 0.13727 0.13751 0.1378  0.13802 0.13822
  0.13837 0.13842 0.13861 0.13873 0.13885 0.13891 0.13913 0.13913 0.13916
  0.13913 0.13908 0.13912 0.13898 0.13882 0.13875 0.13871 0.13848 0.1384
  0.13809 0.13788 0.13771 0.13744 0.13721 0.13689 0.1366  0.13625 0.13588
  0.13561 0.13506 0.13471 0.13429 0.13388 0.13333 0.13292 0.1324  0.13184
  0.13127 0.13076 0.13033 0.12969 0.12899 0.12851 0.12771 0.12711 0.12655
  0.12589 0.12516 0.12445 0.12379 0.12314 0.12237 0.12164 0.12095 0.12008
  0.1193  0.11848 0.11776 0.11687 0.11604 0.1152  0.1144  0.11361 0.11272
  0.11185 0.11102 0.11012 0.10919 0.10827 0.10745 0.1065  0.10564 0.10476
  0.10374 0.10291 0.10203 0.10108 0.10014 0.09921 0.09831 0.09734 0.09647
  0.09558 0.09469 0.09371 0.09281 0.09184 0.09103 0.09009 0.08914 0.08831
  0.08749 0.08666 0.08568 0.08491 0.08408 0.08343 0.08259 0.08173 0.08092
  0.08018 0.07957 0.07872 0.07804 0.07723 0.0766  0.07592 0.07526 0.07472
  0.07417 0.07359 0.07297 0.0725  0.07197 0.07157 0.07116 0.07082 0.07034
  0.07001 0.06964 0.0695  0.06904 0.0688  0.06869 0.06849 0.06832 0.06823
  0.06801 0.06802 0.06796 0.06796 0.068   0.06813 0.0682  0.06831 0.06856
  0.0687  0.06896 0.06906 0.06935 0.06969 0.06988 0.07023 0.07054 0.07094
  0.07136 0.07174 0.07218 0.07263 0.07311 0.07364 0.07407 0.07471 0.07515
  0.07563 0.07624 0.07672 0.0773  0.07802 0.07851 0.07912 0.07979 0.0804
  0.08102 0.08172 0.08235 0.08299 0.08369 0.08432 0.08507 0.08562 0.08637
  0.08698 0.08775 0.08826 0.08893 0.08949 0.0902  0.09086 0.09147 0.0921
  0.0927  0.09334 0.09394 0.09468 0.09518 0.09584 0.09635 0.09698 0.0974
  0.0981  0.09848 0.09909 0.09964 0.10024 0.10072 0.10128 0.10177 0.10223
  0.10269 0.10316 0.10367 0.1041  0.10447 0.10491 0.10536 0.10574 0.10595
  0.10618 0.10661 0.1069  0.10729 0.10752 0.10772 0.10793 0.10826 0.10844
  0.10858 0.10879 0.10898 0.10917 0.10933 0.10947 0.10953 0.10964 0.10967
  0.10977 0.10981 0.10986 0.10992 0.10988 0.10994 0.10989 0.10977 0.10972
  0.10968 0.10971 0.10947 0.1095  0.10932 0.10912 0.10893 0.10885 0.10863
  0.10828 0.10811 0.10787 0.10772 0.10743 0.10719 0.10696 0.10648 0.10625
  0.10586 0.10552 0.10516 0.10481 0.10449 0.10403 0.10378 0.10336 0.10281
  0.10247 0.10191 0.10164 0.10112 0.10062 0.10021 0.09969 0.09919 0.09868
  0.09816 0.0977  0.09715 0.09644 0.09597 0.09535 0.09473 0.0942  0.09359
  0.0929  0.09226 0.09167 0.09113 0.09052 0.08987 0.08916 0.08857 0.08792
  0.08721 0.08652 0.08586 0.08512 0.08449 0.08379 0.08316 0.08244 0.08178
  0.0811  0.08031 0.0797  0.07906 0.07843 0.07774 0.07705 0.07641 0.07589
  0.07518 0.07445 0.07384 0.07314 0.07254 0.07202 0.0714  0.07085 0.07026
  0.0696  0.06898 0.06852 0.06799 0.0674  0.06681 0.06642 0.06587 0.06539
  0.06481 0.06441 0.06385 0.06351 0.06289 0.0625  0.06203 0.06153 0.06129
  0.06072 0.06033 0.05982 0.0596  0.05933 0.0589  0.05861 0.05823 0.05793
  0.05766 0.05739 0.05713 0.05692 0.05663 0.0565  0.05646 0.05616 0.05587
  0.05563 0.05545 0.05533 0.05512 0.05496 0.05481 0.05469 0.05482 0.05462
  0.05446 0.05443 0.05446 0.05448 0.05455 0.05446 0.05454 0.05457 0.05463
  0.05465 0.05467 0.05477 0.05482 0.055   0.05495 0.05503 0.05517 0.05531
  0.05541 0.05528 0.05545 0.05555 0.05571 0.05575 0.05582 0.05592 0.05606
  0.05625 0.05651 0.05676 0.05701 0.05721 0.0574  0.0576  0.05778 0.05813
  0.05831 0.05852 0.05871 0.0589  0.05911 0.05935 0.05953 0.05972 0.0599
  0.06025 0.0604  0.06068 0.06097 0.0612  0.06136 0.06162 0.06171 0.06181
  0.06212 0.0623  0.06231 0.06242 0.06258 0.06287 0.06302 0.06322 0.06349
  0.0638  0.06393 0.06417 0.06449 0.06467 0.06486 0.06519 0.06539 0.0658
  0.06596 0.06605 0.06623 0.06644 0.06649 0.06671 0.06674 0.06703 0.06701
  0.06722 0.0674  0.06754 0.06764 0.06782 0.06792 0.06794 0.06809 0.06821
  0.06811 0.06817 0.06829 0.06831 0.0682  0.06833 0.06843 0.06833 0.06841
  0.06842 0.06831 0.06831 0.06823 0.06827 0.0684  0.06846 0.06836 0.06859
  0.0684  0.06846 0.06846 0.06854 0.0685  0.06834 0.06816 0.0682  0.06793
  0.06802 0.06782 0.0678  0.06767 0.06748 0.06737 0.06734 0.06706 0.06698
  0.06694 0.06667 0.06657 0.06641 0.0662  0.06597 0.06605 0.06585 0.06575
  0.06558 0.06538 0.06535 0.06513 0.06491 0.06486 0.06476 0.0646  0.06444
  0.06432 0.06419 0.06394 0.06378 0.06377 0.06349 0.06341 0.06329 0.06305
  0.06301 0.06283 0.06281 0.06272 0.06272 0.06254 0.06251 0.06243 0.06237
  0.06218 0.06217 0.06206 0.06191 0.06173 0.06171 0.06162 0.06144 0.06124
  0.06108 0.06099 0.06078 0.06073 0.06045 0.06036 0.06033 0.06018 0.05997
  0.0599  0.05988 0.05972 0.05975 0.05956 0.0594  0.05945 0.05933 0.05939
  0.05932 0.05927 0.05924 0.05925 0.05933 0.05922 0.05918 0.0591  0.05906
  0.0592  0.05915 0.05897 0.05908 0.05899 0.05912 0.05913 0.05917 0.05924
  0.05926 0.05948 0.05967 0.05976 0.05991 0.06014 0.06034 0.06059 0.06068
  0.06085 0.06107 0.06129 0.06146 0.06163 0.06194 0.0622  0.06236 0.06266
  0.06285 0.06317 0.06347 0.0636  0.06386 0.06423 0.06452 0.06471 0.065
  0.06532 0.06559 0.06599 0.0663  0.06664 0.06694 0.06725 0.06755 0.06796
  0.0684  0.06863 0.06908 0.06953 0.06982 0.07021 0.0707  0.07115 0.07158
  0.07208 0.07239]
 [0.02175 0.02128 0.02092 0.02065 0.02039 0.02009 0.01982 0.01945 0.01924
  0.019   0.01888 0.01855 0.01851 0.01824 0.01813 0.018   0.01799 0.01787
  0.01782 0.01781 0.01783 0.01776 0.01781 0.01787 0.01778 0.01791 0.01789
  0.01794 0.01815 0.01814 0.01813 0.01814 0.01815 0.01829 0.01818 0.0184
  0.01833 0.01843 0.01849 0.01855 0.01856 0.0185  0.01859 0.01867 0.0187
  0.01877 0.0189  0.01911 0.01918 0.0193  0.01943 0.01958 0.01965 0.01981
  0.02006 0.02007 0.02024 0.02047 0.02063 0.02067 0.02084 0.02097 0.02113
  0.02133 0.02138 0.02171 0.02186 0.02202 0.02218 0.02241 0.02259 0.02282
  0.02309 0.02325 0.02346 0.02366 0.02396 0.02416 0.02451 0.0247  0.02496
  0.02519 0.02542 0.02574 0.02605 0.02632 0.02668 0.02692 0.02711 0.02753
  0.02774 0.02802 0.02834 0.02858 0.02885 0.02911 0.02954 0.02979 0.03001
  0.0305  0.03086 0.03119 0.03159 0.03194 0.03232 0.03288 0.03344 0.03399
  0.03453 0.03517 0.0358  0.03649 0.0371  0.03784 0.03874 0.03949 0.04035
  0.04127 0.04212 0.04299 0.04402 0.04488 0.04582 0.04665 0.04752 0.04837
  0.04924 0.04998 0.05071 0.05146 0.05216 0.05274 0.05329 0.05385 0.05432
  0.05489 0.05537 0.05571 0.05617 0.05658 0.05684 0.05711 0.05741 0.05769
  0.05784 0.05802 0.05817 0.05836 0.05836 0.05855 0.0585  0.05856 0.05853
  0.05854 0.05851 0.05848 0.05826 0.05828 0.05817 0.05801 0.0578  0.05771
  0.05748 0.05727 0.05708 0.05692 0.05665 0.05653 0.05637 0.05595 0.05576
  0.05564 0.05542 0.05517 0.05504 0.0549  0.05469 0.0545  0.05435 0.05427
  0.05411 0.05398 0.05389 0.05386 0.0538  0.05395 0.0539  0.05396 0.05416
  0.05424 0.05438 0.05462 0.05474 0.05489 0.05533 0.05566 0.05604 0.05635
  0.0568  0.05723 0.05765 0.05807 0.05852 0.05914 0.05973 0.06023 0.06105
  0.06151 0.06228 0.06287 0.06366 0.06436 0.06506 0.06596 0.06668 0.06763
  0.06834 0.06912 0.06994 0.07074 0.07164 0.07246 0.07336 0.07414 0.07509
  0.07592 0.0769  0.07787 0.07875 0.07973 0.08072 0.08171 0.08281 0.08374
  0.08483 0.08603 0.08711 0.08833 0.08949 0.0905  0.09147 0.09246 0.09364
  0.09477 0.09619 0.09765 0.09905 0.10051 0.10187 0.10318 0.10474 0.10634
  0.10778 0.10942 0.11092 0.11255 0.11397 0.11589 0.11784 0.12028 0.12291
  0.12506 0.12713 0.12913 0.13067 0.13182 0.13275 0.13361 0.13431 0.1351
  0.13589 0.13697 0.13726 0.13775 0.1379  0.13775 0.13751 0.13727 0.13694
  0.1366  0.13617 0.13584 0.13535 0.13499 0.13458 0.13411 0.13359 0.13308
  0.13259 0.13205 0.13136 0.13087 0.13032 0.12976 0.12925 0.12861 0.12807
  0.12753 0.12691 0.12641 0.12588 0.12522 0.12484 0.12427 0.12375 0.12321
  0.12266 0.12213 0.1217  0.12125 0.12087 0.12029 0.11999 0.11951 0.11912
  0.1186  0.11822 0.11779 0.11729 0.11697 0.11665 0.11638 0.11603 0.11561
  0.11546 0.11507 0.11483 0.11449 0.11442 0.11417 0.11385 0.11374 0.11342
  0.11337 0.11326 0.11318 0.11302 0.11292 0.11283 0.1128  0.11258 0.11272
  0.11266 0.11261 0.11257 0.11258 0.11253 0.11265 0.11283 0.11286 0.11299
  0.11311 0.11322 0.11337 0.11352 0.11344 0.11375 0.11384 0.114   0.11433
  0.11449 0.11492 0.11507 0.11539 0.11569 0.11601 0.1162  0.11647 0.11684
  0.11729 0.11755 0.11798 0.11841 0.11879 0.11934 0.11963 0.1201  0.12056
  0.12095 0.12138 0.12171 0.12215 0.12256 0.12302 0.12335 0.12385 0.12433
  0.12479 0.12516 0.12562 0.1261  0.12649 0.12684 0.12718 0.12759 0.12794
  0.12816 0.12853 0.12886 0.12922 0.12945 0.12965 0.12984 0.13021 0.13037
  0.13059 0.13071 0.13098 0.13114 0.13108 0.13131 0.13136 0.13152 0.13164
  0.13164 0.13174 0.13157 0.13155 0.13151 0.13152 0.13123 0.13121 0.13105
  0.13095 0.13059 0.13046 0.13009 0.12987 0.12959 0.12923 0.12893 0.12848
  0.128   0.12777 0.12736 0.12695 0.12659 0.1261  0.12554 0.12503 0.12446
  0.12398 0.12353 0.12291 0.12245 0.12191 0.1214  0.12066 0.12005 0.11953
  0.11879 0.11813 0.11749 0.11683 0.11621 0.11553 0.11489 0.11402 0.11332
  0.11261 0.1119  0.1111  0.11038 0.10963 0.10876 0.10808 0.1072  0.10638
  0.10562 0.10477 0.10392 0.10312 0.10221 0.10138 0.1007  0.09982 0.09888
  0.09814 0.09719 0.09631 0.09552 0.09475 0.09381 0.09311 0.09219 0.09141
  0.09068 0.08986 0.08888 0.08807 0.08737 0.08643 0.08554 0.08467 0.08379
  0.08313 0.08218 0.08148 0.08068 0.07997 0.0792  0.07852 0.07772 0.07708
  0.07637 0.07566 0.07499 0.07426 0.07356 0.07306 0.07248 0.07191 0.07135
  0.07083 0.07024 0.0698  0.06921 0.06865 0.06846 0.06792 0.06764 0.06719
  0.06697 0.06654 0.06638 0.06629 0.06607 0.06587 0.06566 0.06549 0.06551
  0.06532 0.06537 0.06535 0.06538 0.0655  0.06545 0.06574 0.06582 0.06582
  0.06615 0.06639 0.06663 0.06692 0.06712 0.06734 0.06771 0.06812 0.06839
  0.06877 0.06928 0.0696  0.07007 0.07045 0.07102 0.07149 0.07208 0.07237
  0.07302 0.07347 0.07407 0.07453 0.07521 0.07576 0.0764  0.0769  0.07754
  0.07812 0.07872 0.07914 0.07978 0.08045 0.0812  0.08176 0.08229 0.08295
  0.08361 0.08418 0.08478 0.08539 0.08587 0.0865  0.08709 0.08774 0.08824
  0.08874 0.08937 0.08991 0.09053 0.09096 0.09163 0.09212 0.09254 0.09322
  0.09376 0.09412 0.09472 0.09508 0.09566 0.09607 0.09646 0.09702 0.09735
  0.09774 0.09819 0.09859 0.09899 0.09939 0.09974 0.10002 0.10032 0.10068
  0.10097 0.1013  0.10155 0.10174 0.10204 0.10223 0.10248 0.10273 0.10284
  0.10305 0.10333 0.10331 0.10349 0.10354 0.10363 0.10374 0.10388 0.10391
  0.10398 0.10404 0.10411 0.10422 0.10421 0.10417 0.10416 0.1041  0.10402
  0.10391 0.1039  0.10378 0.10376 0.10348 0.10349 0.10337 0.10323 0.10315
  0.10282 0.1027  0.10252 0.10225 0.10207 0.10185 0.10159 0.10121 0.10109
  0.10087 0.10048 0.10023 0.09985 0.09964 0.09917 0.09887 0.09857 0.09809
  0.09768 0.09733 0.09703 0.0966  0.0962  0.09556 0.09517 0.09471 0.09423
  0.09373 0.09335 0.09264 0.09227 0.09166 0.0912  0.09061 0.09028 0.08965
  0.08905 0.08849 0.08798 0.08733 0.0867  0.08619 0.0856  0.08504 0.08447
  0.08379 0.08312 0.08254 0.08187 0.08133 0.08058 0.08012 0.07953 0.0788
  0.07828 0.07759 0.07698 0.07626 0.07567 0.07514 0.07454 0.07398 0.0733
  0.07275 0.07209 0.07142 0.07093 0.07037 0.06981 0.06922 0.06868 0.06814
  0.0676  0.06708 0.06661 0.06615 0.06553 0.06494 0.06451 0.0642  0.06355
  0.063   0.06248 0.06205 0.06162 0.06098 0.06059 0.06016 0.05964 0.05908
  0.05856 0.05813 0.0577  0.05715 0.05684 0.05633 0.05602 0.0555  0.05513
  0.05468 0.05441 0.05402 0.05376 0.05331 0.05293 0.05256 0.05233 0.05185
  0.05154 0.05139 0.05098 0.05075 0.05062 0.05032 0.05009 0.0498  0.04965
  0.04935 0.04915 0.04896 0.04874 0.04853 0.0484  0.04821 0.04796 0.04799
  0.04778 0.04774 0.04748 0.04741 0.04742 0.04727 0.04715 0.04709 0.04712
  0.04705 0.0469  0.04702 0.04696 0.04691 0.04704 0.04696 0.04706 0.04717
  0.04723 0.0472  0.0473  0.04746 0.04751 0.04769 0.04775 0.04789 0.04809
  0.04825 0.04828 0.0483  0.04853 0.04854 0.04873 0.04892 0.04901 0.04914
  0.04924 0.04954 0.04968 0.04981 0.05003 0.05012 0.05036 0.05073 0.05062
  0.05095 0.05124 0.05144 0.05152 0.05177 0.0521  0.05227 0.05248 0.05267
  0.05282 0.05298 0.05329 0.05344 0.05344 0.05381 0.0538  0.05403 0.0542
  0.05441 0.05466 0.05484 0.05499 0.0552  0.0551  0.05541 0.05541 0.05557
  0.05569 0.05571 0.05601 0.05605 0.0563  0.05643 0.05631 0.05664 0.05659
  0.05685 0.05695 0.05695 0.0571  0.05725 0.05727 0.05724 0.05744 0.05753
  0.05761 0.0577  0.05782 0.05793 0.05787 0.05798 0.05807 0.05809 0.05812
  0.05825 0.05829 0.05836 0.05834 0.05842 0.05845 0.05843 0.05845 0.05839
  0.05843 0.0583  0.05828 0.05827 0.05824 0.0582  0.05797 0.05805 0.05799
  0.05795 0.05793 0.05794 0.05757 0.05765 0.05746 0.05736 0.05729 0.05708
  0.05699 0.05697 0.05654 0.05647 0.05632 0.05616 0.05608 0.05579 0.05563
  0.05559 0.05539 0.05535 0.05533 0.05511 0.05504 0.05497 0.05469 0.05461
  0.05455 0.05439 0.0543  0.05413 0.05396 0.05383 0.05367 0.05365 0.05347
  0.05333 0.05332 0.05309 0.05307 0.05303 0.05278 0.05268 0.05256 0.05252
  0.05237 0.05222 0.05219 0.05221 0.05202 0.05206 0.05187 0.05196 0.05194
  0.05197 0.05199 0.05191 0.05184 0.0518  0.05181 0.05175 0.05178 0.05165
  0.05153 0.0515  0.05146 0.05137 0.05118 0.0513  0.05117 0.05108 0.0511
  0.05103 0.05114 0.05102 0.05102 0.05098 0.05117 0.05117 0.05111 0.05104
  0.05117 0.05118 0.05127 0.05137 0.05165 0.05174 0.05184 0.0522  0.05234
  0.05248 0.05272 0.05299 0.05321 0.05331 0.05358 0.05365 0.05387 0.05413
  0.05444 0.05467 0.05484 0.05511 0.05548 0.05573 0.05619 0.05644 0.05681
  0.05721 0.05758]
 [0.01968 0.01931 0.01906 0.01878 0.01861 0.0185  0.01819 0.01804 0.01779
  0.01771 0.01746 0.0174  0.01721 0.01704 0.01695 0.01676 0.01665 0.0166
  0.01649 0.01648 0.01652 0.01645 0.01653 0.01651 0.01658 0.01666 0.01673
  0.01671 0.01684 0.01691 0.01712 0.01711 0.0171  0.01716 0.01721 0.01736
  0.01743 0.01757 0.01769 0.01779 0.01792 0.01813 0.01829 0.01845 0.01862
  0.01877 0.01896 0.01909 0.01939 0.01957 0.01969 0.01988 0.02008 0.02026
  0.02054 0.02067 0.02094 0.02114 0.02135 0.02162 0.02184 0.02215 0.02236
  0.02263 0.02292 0.02321 0.02346 0.02367 0.02394 0.02425 0.02459 0.0248
  0.02499 0.02524 0.02556 0.02586 0.02609 0.02635 0.0267  0.02692 0.02711
  0.02741 0.02755 0.02782 0.02809 0.02835 0.02859 0.029   0.02931 0.0296
  0.03005 0.03049 0.03088 0.03126 0.03177 0.03231 0.03287 0.03348 0.03415
  0.03491 0.03551 0.03626 0.03701 0.03777 0.03859 0.03948 0.0403  0.0411
  0.04175 0.04249 0.04317 0.04385 0.04448 0.04513 0.04581 0.04641 0.04694
  0.04744 0.04787 0.04844 0.04876 0.04925 0.04963 0.05015 0.05043 0.05076
  0.05103 0.05146 0.05167 0.05211 0.05238 0.05278 0.0532  0.05351 0.05385
  0.05418 0.05453 0.05492 0.05524 0.05563 0.05614 0.05654 0.05698 0.05748
  0.05789 0.05846 0.05894 0.0595  0.06011 0.06066 0.06124 0.06184 0.06245
  0.06314 0.06372 0.06436 0.06501 0.0658  0.06649 0.06725 0.06797 0.06871
  0.06942 0.07019 0.07098 0.07169 0.07245 0.07317 0.07403 0.07478 0.0757
  0.07649 0.07733 0.07814 0.07897 0.07983 0.0807  0.08159 0.08238 0.08321
  0.0842  0.0851  0.08605 0.08694 0.08793 0.08886 0.08997 0.09105 0.09231
  0.09353 0.0948  0.09612 0.09726 0.09854 0.10001 0.10172 0.10349 0.10538
  0.10737 0.1094  0.11153 0.11423 0.11676 0.11946 0.12179 0.12433 0.12665
  0.12896 0.13135 0.13371 0.13578 0.13757 0.1393  0.14052 0.14144 0.14195
  0.14237 0.14268 0.14303 0.14357 0.14396 0.14418 0.14439 0.14455 0.14477
  0.14469 0.14454 0.14447 0.14433 0.14421 0.14412 0.14394 0.1438  0.14365
  0.14344 0.14323 0.14305 0.14278 0.14257 0.14245 0.14226 0.14205 0.14174
  0.1417  0.14143 0.1412  0.14114 0.14092 0.1407  0.14053 0.1403  0.14013
  0.14    0.13987 0.13962 0.13948 0.13931 0.13929 0.13911 0.13905 0.13891
  0.13877 0.13859 0.13853 0.13844 0.13826 0.13819 0.13803 0.13791 0.13791
  0.13768 0.13772 0.13767 0.13755 0.13762 0.1375  0.13754 0.13755 0.13748
  0.13752 0.13746 0.13744 0.13749 0.1376  0.13782 0.13794 0.13786 0.13796
  0.13827 0.1383  0.13846 0.1386  0.13871 0.13891 0.13911 0.13943 0.13967
  0.13982 0.1401  0.1404  0.14067 0.14092 0.14106 0.14142 0.14178 0.14205
  0.14244 0.1428  0.14327 0.14368 0.14411 0.14452 0.14487 0.14516 0.14558
  0.14609 0.14642 0.14671 0.14727 0.14764 0.14798 0.14851 0.14901 0.14946
  0.14992 0.15031 0.15076 0.15122 0.15167 0.15191 0.15231 0.15268 0.15311
  0.15338 0.15364 0.15389 0.15417 0.15447 0.15475 0.15501 0.15518 0.1553
  0.15557 0.15571 0.15582 0.15598 0.15608 0.15609 0.15621 0.15632 0.1563
  0.15622 0.15617 0.15612 0.15603 0.15583 0.15575 0.15544 0.1554  0.1552
  0.155   0.15465 0.15436 0.15411 0.15376 0.15345 0.15304 0.1527  0.15229
  0.1519  0.15148 0.15094 0.15048 0.14994 0.14942 0.14877 0.14825 0.1474
  0.14683 0.1461  0.14544 0.14464 0.14397 0.14321 0.14252 0.14169 0.14087
  0.14014 0.13927 0.13845 0.13767 0.13678 0.13598 0.13514 0.13416 0.13334
  0.13233 0.13153 0.13054 0.12957 0.12871 0.1277  0.12673 0.12574 0.12485
  0.12377 0.12288 0.12181 0.12081 0.11976 0.11881 0.11781 0.11677 0.11575
  0.11475 0.11372 0.1127  0.11168 0.11074 0.10973 0.10872 0.1076  0.10667
  0.10558 0.10464 0.1035  0.1025  0.10156 0.10051 0.09954 0.09866 0.09765
  0.09675 0.09574 0.09483 0.09391 0.09297 0.09212 0.0912  0.09039 0.08962
  0.08874 0.08801 0.08723 0.08645 0.08583 0.08503 0.08439 0.08372 0.08313
  0.08249 0.08195 0.08138 0.08092 0.08044 0.07997 0.07958 0.07921 0.07897
  0.07858 0.07829 0.07801 0.07778 0.07766 0.07764 0.07745 0.07754 0.07753
  0.07754 0.07758 0.07781 0.0779  0.07804 0.0783  0.07852 0.07884 0.07904
  0.07953 0.07989 0.08035 0.08078 0.08125 0.08179 0.08242 0.083   0.08343
  0.08403 0.08478 0.08543 0.08613 0.08683 0.08756 0.08827 0.08893 0.0898
  0.09054 0.09137 0.0921  0.09292 0.0937  0.09455 0.09531 0.09614 0.09696
  0.09787 0.09859 0.09936 0.10016 0.10112 0.10186 0.10277 0.10347 0.10435
  0.10516 0.10599 0.10679 0.10757 0.10833 0.10917 0.10995 0.11082 0.1116
  0.11225 0.11308 0.11382 0.1146  0.11523 0.11593 0.11664 0.11746 0.11809
  0.11864 0.11939 0.12012 0.12065 0.12124 0.12184 0.12246 0.12307 0.12357
  0.12413 0.12472 0.12527 0.12577 0.12623 0.12664 0.12719 0.12757 0.128
  0.12831 0.1288  0.12905 0.12937 0.12971 0.13011 0.13025 0.13062 0.13082
  0.13115 0.1314  0.13161 0.13178 0.13209 0.13211 0.1323  0.13248 0.13248
  0.13236 0.1325  0.13248 0.13238 0.13234 0.13212 0.13221 0.13207 0.13188
  0.13169 0.1315  0.13129 0.13106 0.13082 0.13058 0.13033 0.13008 0.12969
  0.12945 0.1291  0.12887 0.1285  0.12811 0.12774 0.12737 0.12695 0.12652
  0.12605 0.12558 0.12512 0.12452 0.12412 0.12348 0.12288 0.12233 0.12168
  0.12105 0.1204  0.11983 0.11926 0.11854 0.11792 0.11739 0.11672 0.11598
  0.11524 0.11458 0.11384 0.1131  0.11235 0.11166 0.11084 0.1102  0.1094
  0.10863 0.10788 0.10702 0.10621 0.10549 0.10467 0.10391 0.10297 0.10231
  0.10138 0.10058 0.09973 0.0988  0.09811 0.0972  0.09638 0.09562 0.09484
  0.094   0.09321 0.09249 0.09165 0.09092 0.09014 0.08941 0.08867 0.08799
  0.08737 0.08669 0.08619 0.0855  0.0849  0.0843  0.08369 0.08321 0.08261
  0.08228 0.08196 0.08151 0.08119 0.0808  0.08065 0.08031 0.08005 0.07983
  0.0797  0.07948 0.07932 0.07927 0.07911 0.07909 0.07909 0.07905 0.07905
  0.07914 0.07906 0.07909 0.07922 0.07923 0.07944 0.07955 0.07979 0.07989
  0.07995 0.08012 0.08032 0.08067 0.08088 0.08115 0.08142 0.08174 0.0821
  0.0823  0.08267 0.08308 0.0834  0.08374 0.08413 0.08457 0.08492 0.0852
  0.08566 0.08595 0.08637 0.08676 0.08717 0.08756 0.08797 0.08839 0.08886
  0.08925 0.08962 0.09008 0.09044 0.09079 0.0913  0.09171 0.09218 0.09259
  0.09294 0.09349 0.09382 0.09436 0.09466 0.09502 0.09553 0.09597 0.0963
  0.0967  0.09706 0.09757 0.09792 0.09827 0.09865 0.09908 0.09946 0.09967
  0.10013 0.10055 0.10084 0.10123 0.10142 0.10194 0.10212 0.10235 0.10272
  0.10303 0.10321 0.10356 0.10388 0.1041  0.10433 0.10447 0.10451 0.10463
  0.10474 0.10488 0.10485 0.10496 0.10519 0.10522 0.10546 0.10562 0.1057
  0.1057  0.10579 0.10586 0.10592 0.10599 0.10604 0.10598 0.10606 0.10609
  0.10589 0.10589 0.10596 0.10578 0.10573 0.1056  0.1055  0.10529 0.10529
  0.10506 0.10507 0.10498 0.10475 0.10475 0.10455 0.10451 0.10431 0.10428
  0.10399 0.10381 0.10356 0.10339 0.10321 0.10294 0.10271 0.1024  0.10225
  0.10206 0.10193 0.10167 0.10137 0.1012  0.1009  0.10079 0.10045 0.10024
  0.0998  0.09953 0.09911 0.09889 0.09858 0.09818 0.09775 0.09744 0.09707
  0.09664 0.09628 0.09595 0.09569 0.09528 0.09487 0.09445 0.09407 0.09365
  0.09339 0.09305 0.09282 0.0924  0.09202 0.09173 0.09142 0.09104 0.09059
  0.09039 0.08996 0.0896  0.08949 0.0891  0.08873 0.08843 0.08815 0.08774
  0.08739 0.08718 0.08678 0.08645 0.0862  0.08586 0.08562 0.08534 0.08499
  0.08472 0.08446 0.0841  0.08388 0.08365 0.08333 0.08321 0.08285 0.08272
  0.08245 0.08222 0.08189 0.08181 0.08155 0.08141 0.08133 0.08116 0.08114
  0.08096 0.08086 0.08073 0.08041 0.08035 0.08035 0.08015 0.08007 0.07997
  0.07981 0.07962 0.07971 0.07958 0.0795  0.07938 0.07939 0.07934 0.07934
  0.0793  0.0792  0.07932 0.0793  0.0793  0.07936 0.0794  0.07947 0.07963
  0.0796  0.07968 0.07978 0.07994 0.07999 0.0802  0.08025 0.08046 0.08061
  0.08077 0.08094 0.08122 0.08148 0.0817  0.08192 0.08213 0.08238 0.08261
  0.08293 0.08325 0.08353 0.08389 0.0842  0.0845  0.0849  0.08524 0.08555
  0.08585 0.08619 0.0865  0.0868  0.08721 0.08757 0.08794 0.0881  0.08856
  0.08893 0.08919 0.0895  0.08973 0.09    0.09034 0.09061 0.09095 0.0912
  0.09153 0.09185 0.09213 0.09235 0.0927  0.09297 0.0933  0.09344 0.09378
  0.094   0.09427 0.09454 0.09474 0.09502 0.0952  0.09544 0.09572 0.09576
  0.0961  0.09647 0.09685 0.09715 0.0975  0.09778 0.09795 0.09817 0.09842
  0.09869 0.09891 0.09905 0.09915 0.09939 0.09952 0.09975 0.09986 0.10003
  0.09998 0.10012 0.10001 0.10018 0.10034 0.10048 0.10058 0.1005  0.1006
  0.10039 0.10031 0.10053 0.10068 0.10069 0.10082 0.10101 0.10098 0.10089
  0.10095 0.10088]]
Mean: 0.08003, Std Dev: 0.03492
