[[0.00741 0.00707 0.00707 0.00719 0.00731 0.00742 0.0073  0.0073  0.00731
  0.00723 0.00722 0.00714 0.00715 0.00713 0.00712 0.00711 0.00711 0.00713
  0.00713 0.00708 0.00701 0.00708 0.00712 0.0071  0.00721 0.00725 0.00733
  0.00745 0.00752 0.00763 0.00763 0.0077  0.00778 0.00779 0.00785 0.00794
  0.00808 0.0081  0.00815 0.00824 0.00829 0.00839 0.00849 0.00856 0.00859
  0.00872 0.00885 0.00891 0.00901 0.00911 0.00917 0.00932 0.0094  0.00947
  0.00961 0.00959 0.00958 0.00973 0.00973 0.00979 0.00977 0.0098  0.0097
  0.00964 0.00963 0.00948 0.00955 0.00951 0.00958 0.00964 0.0097  0.00973
  0.00971 0.00974 0.00978 0.00971 0.00969 0.00966 0.00967 0.00956 0.00949
  0.00948 0.00947 0.00951 0.0096  0.00957 0.00955 0.00951 0.00943 0.00948
  0.0094  0.00936 0.00933 0.00927 0.00941 0.00941 0.0094  0.00941 0.00944
  0.0095  0.0094  0.0094  0.00935 0.00953 0.00953 0.00956 0.0096  0.0097
  0.00959 0.00963 0.00968 0.00976 0.00973 0.0098  0.00989 0.00995 0.01007
  0.01026 0.01026 0.01032 0.01042 0.01036 0.01032 0.01049 0.01042 0.01044
  0.01042 0.0104  0.01047 0.01055 0.01063 0.01071 0.01077 0.01085 0.01085
  0.01089 0.01095 0.011   0.011   0.01098 0.01099 0.01107 0.01118 0.01117
  0.01128 0.01118 0.0112  0.01128 0.01129 0.01134 0.01141 0.01148 0.01155
  0.01162 0.01163 0.01168 0.01179 0.01193 0.01197 0.01209 0.01219 0.01231
  0.01239 0.01249 0.01263 0.0127  0.01271 0.01275 0.01289 0.01301 0.01305
  0.01309 0.01309 0.01315 0.01322 0.01329 0.01331 0.0135  0.01348 0.01361
  0.01368 0.01373 0.01368 0.01379 0.01385 0.01389 0.01398 0.014   0.01415
  0.01424 0.01424 0.01432 0.01445 0.0145  0.01457 0.01459 0.01461 0.0147
  0.01466 0.01461 0.01465 0.01463 0.01468 0.01464 0.01462 0.01459 0.01459
  0.01467 0.01463 0.01475 0.01472 0.01488 0.015   0.01501 0.01517 0.01529
  0.01541 0.01553 0.01555 0.01566 0.01573 0.01579 0.01578 0.01584 0.01591
  0.01601 0.01601 0.01609 0.01614 0.01619 0.0162  0.01628 0.01625 0.01631
  0.01636 0.01647 0.0165  0.01649 0.01659 0.0167  0.01686 0.01706 0.0172
  0.01727 0.01739 0.0175  0.01772 0.01799 0.01821 0.01847 0.01857 0.01874
  0.01887 0.01913 0.01926 0.01948 0.01966 0.0199  0.02008 0.02024 0.02057
  0.02085 0.02107 0.0213  0.02141 0.02163 0.02188 0.0221  0.02231 0.02261
  0.02283 0.02306 0.02319 0.02329 0.02342 0.02357 0.02385 0.02399 0.02403
  0.02426 0.02447 0.02453 0.02464 0.02472 0.02486 0.02508 0.02517 0.02523
  0.02544 0.0255  0.02547 0.02569 0.02584 0.02591 0.0261  0.02623 0.02625
  0.0264  0.02655 0.02674 0.02689 0.027   0.02718 0.02739 0.02775 0.02794
  0.0281  0.02835 0.02867 0.02884 0.02898 0.02916 0.02942 0.02958 0.02982
  0.03001 0.03037 0.03057 0.03095 0.03113 0.03136 0.03177 0.03217 0.03258
  0.03295 0.03339 0.03385 0.03432 0.03473 0.03522 0.03564 0.03614 0.03652
  0.03695 0.0375  0.0382  0.03886 0.03937 0.0399  0.04045 0.04098 0.0416
  0.04209 0.04261 0.04322 0.04355 0.04408 0.04472 0.0452  0.04566 0.04617
  0.04657 0.04691 0.04733 0.04774 0.04812 0.04849 0.04887 0.0492  0.04977
  0.05025 0.05067 0.05113 0.05167 0.05215 0.05242 0.05281 0.05316 0.05358
  0.05394 0.05422 0.05453 0.05471 0.05504 0.05532 0.0553  0.05546 0.05584
  0.05594 0.05604 0.05621 0.05644 0.05639 0.05643 0.05631 0.05638 0.05668
  0.05693 0.05707 0.05705 0.05696 0.05693 0.05694 0.05686 0.05694 0.05698
  0.05711 0.05688 0.05699 0.057   0.05689 0.05663 0.05646 0.05652 0.05668
  0.05677 0.05671 0.0569  0.05682 0.05679 0.05692 0.05701 0.05708 0.05697
  0.05689 0.05678 0.0568  0.0569  0.05683 0.05666 0.05665 0.05674 0.0568
  0.05677 0.05673 0.05674 0.05673 0.05659 0.05651 0.05638 0.0564  0.05625
  0.05606 0.05598 0.05569 0.05559 0.05537 0.05517 0.05503 0.05467 0.05442
  0.05428 0.05403 0.05383 0.05356 0.05328 0.05301 0.05282 0.05268 0.05251
  0.05236 0.05228 0.0521  0.05211 0.05193 0.05184 0.05159 0.05142 0.05112
  0.05089 0.05066 0.05048 0.05027 0.05013 0.05002 0.04987 0.04985 0.04991
  0.04964 0.04933 0.04917 0.04898 0.04878 0.04858 0.04835 0.04838 0.04814
  0.0479  0.04789 0.04782 0.0477  0.04751 0.0474  0.04742 0.04734 0.0474
  0.04708 0.0469  0.04678 0.04667 0.04653 0.04635 0.04637 0.04625 0.04624
  0.04614 0.04612 0.04613 0.0461  0.04603 0.04603 0.04612 0.04602 0.04591
  0.04585 0.04589 0.0459  0.04587 0.04599 0.04581 0.0457  0.04576 0.04564
  0.04565 0.04563 0.04555 0.04546 0.04542 0.04544 0.0453  0.0452  0.04511
  0.04502 0.04492 0.04478 0.04488 0.04476 0.04476 0.04475 0.04465 0.04465
  0.04448 0.04442 0.0443  0.04431 0.0442  0.0441  0.0442  0.04409 0.04418
  0.04419 0.04411 0.04409 0.04402 0.04387 0.04383 0.04379 0.04379 0.04378
  0.04366 0.04365 0.04377 0.04379 0.04386 0.04393 0.04388 0.04386 0.04379
  0.0439  0.04396 0.04384 0.04384 0.04388 0.04378 0.04384 0.04384 0.04375
  0.04378 0.04384 0.04378 0.04391 0.0439  0.04399 0.04401 0.0441  0.04411
  0.04414 0.04415 0.04418 0.04416 0.04413 0.04412 0.04416 0.0441  0.04412
  0.0443  0.04431 0.04447 0.04463 0.04463 0.04475 0.04481 0.04495 0.04501
  0.04515 0.04529 0.04545 0.04547 0.04558 0.04563 0.04563 0.0456  0.04572
  0.04576 0.04579 0.04581 0.04581 0.04588 0.04589 0.04591 0.046   0.04614
  0.04621 0.04625 0.04638 0.04641 0.04653 0.04659 0.04672 0.04686 0.04707
  0.04706 0.04721 0.04746 0.04758 0.04779 0.04785 0.04799 0.04811 0.04831
  0.04854 0.04868 0.0488  0.04886 0.04898 0.049   0.04906 0.04925 0.04943
  0.04948 0.04957 0.04969 0.04971 0.05    0.05007 0.05021 0.05015 0.05011
  0.05012 0.05017 0.05026 0.05034 0.05035 0.05042 0.05054 0.05052 0.0507
  0.0507  0.05088 0.05097 0.0512  0.05142 0.05157 0.05145 0.05155 0.05162
  0.05159 0.05164 0.05164 0.05177 0.05188 0.05188 0.05183 0.05179 0.05181
  0.05184 0.05191 0.05192 0.05199 0.05215 0.05215 0.05224 0.05223 0.05225
  0.05218 0.05211 0.05211 0.05215 0.05219 0.05229 0.0524  0.05241 0.05246
  0.05239 0.05227 0.05211 0.05221 0.05218 0.05223 0.05221 0.05208 0.0521
  0.05207 0.05199 0.05194 0.0519  0.0519  0.05172 0.05172 0.05166 0.05151
  0.05155 0.05138 0.05136 0.05135 0.05134 0.0513  0.05132 0.05131 0.05124
  0.05107 0.05104 0.05085 0.05086 0.05073 0.05062 0.05053 0.0504  0.05035
  0.05028 0.05023 0.0501  0.04997 0.0499  0.04973 0.04975 0.04962 0.04967
  0.04961 0.04969 0.04953 0.04947 0.04947 0.04938 0.04935 0.0494  0.04946
  0.04948 0.04959 0.04941 0.04943 0.04932 0.04929 0.04924 0.04934 0.04928
  0.04928 0.04938 0.04928 0.04937 0.04944 0.04946 0.04943 0.04939 0.04936
  0.04935 0.04924 0.04929 0.04922 0.04916 0.04906 0.04908 0.04912 0.04912
  0.04905 0.04919 0.04916 0.04937 0.04939 0.04955 0.04961 0.04978 0.04987
  0.04985 0.04999 0.05004 0.05008 0.04996 0.0498  0.04978 0.04975 0.04975
  0.0498  0.04984 0.04991 0.04999 0.05025 0.05033 0.05053 0.05069 0.05074
  0.05072 0.05072 0.05064 0.05078 0.05084 0.05095 0.05107 0.05118 0.05129
  0.0513  0.05149 0.05158 0.05168 0.05188 0.05189 0.05209 0.05211 0.05216
  0.05225 0.05221 0.05242 0.05252 0.05257 0.0526  0.0526  0.05277 0.05295
  0.05302 0.05327 0.05334 0.05348 0.05357 0.0537  0.05385 0.0539  0.0541
  0.05412 0.05439 0.05432 0.05457 0.05473 0.05473 0.05491 0.05492 0.05505
  0.05506 0.05494 0.05486 0.05496 0.05508 0.05531 0.05542 0.05565 0.05578
  0.05585 0.05584 0.05598 0.05605 0.05593 0.05589 0.05594 0.05601 0.05623
  0.0563  0.05663 0.05671 0.05684 0.05688 0.05697 0.05712 0.05727 0.05732
  0.05753 0.05765 0.05778 0.05811 0.05828 0.05845 0.05875 0.0589  0.05924
  0.05957 0.05975 0.05983 0.05996 0.05998 0.06007 0.06019 0.06041 0.06065
  0.06091 0.06121 0.06146 0.06174 0.06189 0.06209 0.06238 0.0626  0.06279
  0.0631  0.0633  0.06339 0.06343 0.06338 0.06332 0.06333 0.06326 0.06331
  0.06329 0.06336 0.0635  0.06358 0.06383 0.06393 0.06412 0.06436 0.06448
  0.06459 0.06468 0.06488 0.06505 0.06514 0.06531 0.06539 0.06548 0.06567
  0.06583 0.06598 0.06601 0.06605 0.06595 0.06596 0.06598 0.06607 0.0662
  0.06631 0.0665  0.06673 0.06672 0.06668 0.06664 0.06664 0.06669 0.06663
  0.0666  0.06656 0.06668 0.0666  0.06673 0.0668  0.06683 0.06708 0.06715
  0.06736 0.06765 0.06791 0.06817 0.06821 0.06821 0.06817 0.06818 0.06823
  0.0682  0.06818 0.06823 0.06833 0.06836 0.06852 0.06869 0.06883 0.06896
  0.06924 0.06945 0.06929 0.06921 0.06929 0.06934 0.0693  0.06933 0.06937
  0.06949 0.06949 0.06972 0.06981 0.06971 0.06985 0.06975 0.06981 0.06998
  0.07008 0.0702  0.07031 0.07043 0.07056 0.07072 0.07094 0.07109 0.07128
  0.07137 0.07146]
 [0.00605 0.00586 0.00591 0.00606 0.00599 0.00606 0.00611 0.00604 0.00599
  0.006   0.00591 0.00592 0.00592 0.00591 0.00596 0.00594 0.00591 0.00593
  0.00592 0.00585 0.00593 0.0059  0.00595 0.00598 0.00595 0.00598 0.00597
  0.00598 0.006   0.00599 0.00604 0.00607 0.00605 0.00615 0.00611 0.00613
  0.0062  0.00615 0.00615 0.00619 0.00621 0.00623 0.00626 0.00626 0.00625
  0.00623 0.0063  0.0064  0.00642 0.00652 0.0065  0.00654 0.00656 0.00666
  0.00676 0.00683 0.00684 0.0069  0.00691 0.00693 0.00703 0.00718 0.00712
  0.00721 0.00721 0.00729 0.00725 0.00726 0.00728 0.00724 0.00723 0.00723
  0.0072  0.00727 0.00734 0.00727 0.00738 0.00729 0.0073  0.00732 0.00719
  0.00722 0.0073  0.00729 0.00725 0.00735 0.00738 0.00733 0.00741 0.00741
  0.00744 0.00739 0.00747 0.00741 0.00736 0.00744 0.00738 0.00739 0.00736
  0.00741 0.00738 0.00741 0.0075  0.00753 0.00757 0.00761 0.00751 0.00761
  0.00768 0.00766 0.00774 0.00774 0.00786 0.00795 0.00809 0.00809 0.00818
  0.00831 0.0084  0.00841 0.00855 0.00864 0.0088  0.0089  0.00898 0.00917
  0.00927 0.00938 0.00952 0.00962 0.00972 0.00976 0.00994 0.01001 0.0101
  0.0101  0.0102  0.01032 0.01042 0.01054 0.01058 0.01064 0.01082 0.01102
  0.01105 0.01114 0.01129 0.01144 0.01151 0.01161 0.01163 0.01173 0.01173
  0.01185 0.01201 0.01214 0.01224 0.01241 0.01244 0.01257 0.01274 0.01282
  0.0131  0.01314 0.01326 0.01338 0.01357 0.01377 0.01385 0.01398 0.01412
  0.01431 0.01441 0.0146  0.01469 0.01484 0.01502 0.01512 0.01527 0.01551
  0.01566 0.01576 0.01589 0.01607 0.01612 0.01641 0.0165  0.01656 0.01687
  0.017   0.01728 0.01745 0.01767 0.01771 0.0179  0.018   0.0182  0.0182
  0.01828 0.0184  0.01851 0.01865 0.01876 0.01896 0.01895 0.01916 0.0193
  0.01935 0.01946 0.01954 0.01969 0.01967 0.01974 0.0198  0.01988 0.01988
  0.0199  0.01995 0.01997 0.02009 0.02019 0.0204  0.02037 0.0204  0.02038
  0.02054 0.02056 0.02057 0.02076 0.02088 0.02104 0.02121 0.02122 0.02125
  0.02124 0.02142 0.02151 0.02163 0.02179 0.02194 0.02204 0.02207 0.02218
  0.0223  0.02233 0.02251 0.02262 0.02273 0.02272 0.0228  0.02299 0.02315
  0.0232  0.02316 0.02327 0.0232  0.02319 0.02336 0.02352 0.02349 0.0236
  0.02368 0.02375 0.02384 0.02392 0.02401 0.02403 0.02416 0.02424 0.02443
  0.02448 0.02453 0.02463 0.02478 0.02482 0.02498 0.0251  0.0252  0.02537
  0.0255  0.0256  0.02583 0.02594 0.02623 0.02634 0.02653 0.02682 0.02705
  0.02729 0.0275  0.02779 0.02803 0.02825 0.02847 0.02865 0.02892 0.02903
  0.02932 0.02939 0.02957 0.02965 0.02978 0.02977 0.02998 0.03018 0.03041
  0.03061 0.03066 0.03094 0.03098 0.03101 0.03122 0.03154 0.03166 0.03172
  0.03195 0.03205 0.03229 0.03252 0.0328  0.03305 0.03347 0.03368 0.03406
  0.0341  0.03426 0.03444 0.03447 0.03458 0.03462 0.03483 0.03505 0.03514
  0.03533 0.03563 0.03586 0.03622 0.03645 0.03678 0.0371  0.03735 0.03741
  0.03749 0.03759 0.03773 0.03819 0.03843 0.03851 0.03864 0.03878 0.0389
  0.03903 0.0391  0.03921 0.03935 0.03929 0.03933 0.03918 0.03914 0.03924
  0.03933 0.03939 0.03934 0.03957 0.03982 0.03982 0.03981 0.03974 0.03972
  0.03967 0.03937 0.0394  0.03923 0.03913 0.03906 0.03873 0.03858 0.03852
  0.0383  0.03811 0.03798 0.0378  0.0378  0.03772 0.03756 0.03742 0.03707
  0.03692 0.03686 0.03684 0.03674 0.03659 0.03627 0.03605 0.03599 0.03593
  0.03579 0.03563 0.03558 0.03539 0.03524 0.03514 0.03512 0.03505 0.03496
  0.03493 0.03476 0.03467 0.03461 0.03463 0.03463 0.03464 0.0346  0.03445
  0.0345  0.03449 0.03452 0.03443 0.03437 0.03436 0.03443 0.03434 0.03439
  0.03439 0.03424 0.03409 0.03397 0.03388 0.03391 0.03388 0.03386 0.03384
  0.03389 0.0339  0.03388 0.03387 0.03381 0.03382 0.03381 0.03392 0.03395
  0.03407 0.03416 0.0341  0.03417 0.03414 0.03428 0.03439 0.0345  0.03452
  0.03457 0.03448 0.03455 0.03452 0.03458 0.03457 0.03454 0.0347  0.03475
  0.03482 0.03487 0.03488 0.03501 0.03498 0.03495 0.03518 0.03531 0.03546
  0.03559 0.03565 0.03584 0.03595 0.03605 0.03609 0.0363  0.03632 0.03634
  0.03649 0.03657 0.0368  0.03692 0.03691 0.03709 0.03716 0.0372  0.03739
  0.03733 0.03748 0.03763 0.03763 0.03781 0.0379  0.03795 0.03807 0.03809
  0.03822 0.03833 0.03842 0.03853 0.03861 0.03867 0.03879 0.03889 0.03893
  0.03907 0.03903 0.03911 0.03926 0.03917 0.03913 0.03904 0.03908 0.03915
  0.03924 0.03947 0.03964 0.0397  0.03983 0.04002 0.04009 0.04008 0.04007
  0.0402  0.04032 0.04029 0.04035 0.04039 0.04044 0.04047 0.04057 0.04061
  0.04078 0.04099 0.04125 0.0414  0.04148 0.04167 0.04187 0.04194 0.04218
  0.04223 0.04235 0.04258 0.04261 0.04259 0.04264 0.04277 0.04273 0.04282
  0.04284 0.04291 0.04301 0.04312 0.04318 0.04351 0.04366 0.04374 0.04389
  0.04417 0.04436 0.04458 0.04487 0.04497 0.04511 0.04518 0.04533 0.04544
  0.04563 0.04589 0.04609 0.04611 0.0463  0.04633 0.0464  0.04666 0.04679
  0.04701 0.04731 0.04746 0.04758 0.04771 0.04777 0.04813 0.04845 0.04871
  0.04886 0.04906 0.04921 0.04936 0.04955 0.04952 0.04979 0.04996 0.05011
  0.05026 0.05045 0.05061 0.05085 0.05113 0.05132 0.05165 0.05182 0.052
  0.05218 0.05239 0.05259 0.05263 0.05286 0.05295 0.0532  0.0534  0.05364
  0.05378 0.05396 0.05419 0.05432 0.0544  0.05449 0.05459 0.05506 0.05539
  0.05573 0.05598 0.05628 0.05642 0.05652 0.05679 0.05695 0.05712 0.0573
  0.05754 0.05781 0.05799 0.05832 0.05857 0.05871 0.05885 0.05902 0.05934
  0.05968 0.06004 0.06026 0.0604  0.06082 0.06112 0.06136 0.06173 0.06214
  0.0625  0.06285 0.06329 0.06342 0.06365 0.064   0.06421 0.06452 0.06491
  0.06518 0.06552 0.06584 0.06605 0.06643 0.06661 0.06711 0.06754 0.06787
  0.06811 0.06857 0.06877 0.06906 0.06935 0.06967 0.06999 0.07019 0.07041
  0.0707  0.07099 0.0711  0.07133 0.07152 0.07168 0.0719  0.07207 0.07223
  0.0721  0.07228 0.07232 0.07236 0.07255 0.07262 0.07292 0.07314 0.07345
  0.07359 0.07366 0.07385 0.0739  0.07404 0.07424 0.07438 0.07444 0.07445
  0.07462 0.07478 0.07493 0.07505 0.0752  0.0753  0.07546 0.07578 0.07601
  0.07623 0.07632 0.07653 0.07654 0.07665 0.07662 0.07681 0.07688 0.077
  0.07698 0.07705 0.07714 0.07704 0.07727 0.07727 0.07738 0.07747 0.07756
  0.07782 0.07805 0.07814 0.07811 0.07815 0.07811 0.07821 0.07791 0.07803
  0.07806 0.07814 0.07807 0.07808 0.07803 0.07821 0.07848 0.0786  0.07864
  0.07885 0.07898 0.07896 0.0791  0.07912 0.07925 0.0792  0.07928 0.07933
  0.07935 0.07929 0.07921 0.07919 0.07906 0.07906 0.07911 0.07898 0.07896
  0.07879 0.07869 0.07862 0.07854 0.07841 0.07811 0.07791 0.07759 0.07732
  0.07737 0.07744 0.07738 0.0773  0.07719 0.07707 0.07706 0.07695 0.07677
  0.07653 0.07632 0.07613 0.076   0.07584 0.0758  0.07573 0.07572 0.07566
  0.07552 0.07546 0.07536 0.0753  0.0752  0.07509 0.07495 0.07496 0.07479
  0.07481 0.07464 0.07468 0.07451 0.07442 0.07435 0.07415 0.07368 0.07334
  0.07297 0.07264 0.07248 0.07229 0.07213 0.07188 0.07178 0.07178 0.07171
  0.07176 0.07164 0.0715  0.07133 0.07119 0.07103 0.07092 0.07092 0.07095
  0.0708  0.0708  0.07077 0.07087 0.0711  0.07128 0.07133 0.07142 0.07122
  0.0712  0.07116 0.07105 0.07105 0.07087 0.07079 0.07063 0.07054 0.07051
  0.07031 0.0703  0.07022 0.07008 0.07007 0.07014 0.07021 0.07021 0.07029
  0.07023 0.07005 0.06992 0.06976 0.06962 0.06982 0.07013 0.0704  0.07067
  0.07079 0.07075 0.07067 0.07076 0.07074 0.07055 0.07065 0.07062 0.07047
  0.07046 0.07038 0.07036 0.07031 0.07017 0.07012 0.07    0.06994 0.06988
  0.06989 0.06977 0.06995 0.06991 0.06995 0.06995 0.06979 0.06959 0.0695
  0.06935 0.06944 0.06946 0.06953 0.06952 0.06941 0.06925 0.06907 0.0689
  0.06888 0.06883 0.06885 0.06865 0.0688  0.06866 0.06858 0.06847 0.06848
  0.0683  0.06864 0.06871 0.06894 0.06915 0.06921 0.06937 0.06945 0.06942
  0.06944 0.06939 0.0694  0.06937 0.06949 0.06951 0.06965 0.06968 0.06972
  0.06997 0.06983 0.06976 0.06967 0.06953 0.06949 0.06965 0.06974 0.06988
  0.07008 0.07018 0.07039 0.07037 0.07036 0.07039 0.07038 0.0703  0.07029
  0.07013 0.07011 0.07028 0.0704  0.07047 0.07056 0.07054 0.07067 0.07072
  0.07076 0.0708  0.07067 0.07064 0.07058 0.07046 0.0705  0.07068 0.07084
  0.07095 0.07118 0.07126 0.0714  0.07151 0.07176 0.07181 0.07171 0.07167
  0.07173 0.07165 0.0716  0.0716  0.07152 0.0715  0.0715  0.07139 0.07136
  0.07137 0.07124 0.07114 0.07112 0.07104 0.07107 0.07102 0.07104 0.07099
  0.07111 0.07104 0.07111 0.0712  0.07133 0.0714  0.07149 0.07162 0.07181
  0.07201 0.07209]
 [0.00605 0.00585 0.00583 0.00581 0.00604 0.00594 0.00592 0.00587 0.00586
  0.00581 0.00575 0.00572 0.00568 0.00565 0.0056  0.00561 0.00565 0.00561
  0.00551 0.00556 0.00559 0.00556 0.00553 0.00557 0.00554 0.00557 0.00557
  0.00563 0.00564 0.00562 0.00566 0.00563 0.00571 0.00573 0.0057  0.00566
  0.0057  0.0057  0.00574 0.00566 0.00575 0.00577 0.00572 0.00576 0.00579
  0.00583 0.00582 0.00587 0.00591 0.00596 0.00597 0.00605 0.00611 0.00618
  0.00614 0.00624 0.00623 0.00628 0.00628 0.00632 0.00633 0.00643 0.00647
  0.00644 0.00648 0.00655 0.00646 0.00642 0.00645 0.0065  0.00651 0.00656
  0.00664 0.00659 0.00651 0.00647 0.00649 0.00642 0.00647 0.00646 0.0064
  0.00636 0.00636 0.00639 0.00641 0.00642 0.00629 0.00631 0.00628 0.00627
  0.0063  0.00629 0.00626 0.00638 0.00632 0.00627 0.00623 0.00627 0.00623
  0.00624 0.00628 0.00622 0.0063  0.00632 0.00631 0.00631 0.00642 0.00637
  0.00641 0.00641 0.0065  0.00646 0.00656 0.00666 0.00674 0.0068  0.0069
  0.00693 0.007   0.00708 0.00715 0.00729 0.00735 0.00746 0.00751 0.00762
  0.00768 0.00773 0.00783 0.00791 0.00797 0.00799 0.00818 0.00817 0.00824
  0.00831 0.00839 0.00845 0.0085  0.00855 0.00863 0.00865 0.00864 0.00878
  0.00874 0.00885 0.00895 0.00896 0.00906 0.0091  0.00917 0.00929 0.00928
  0.00934 0.00931 0.00944 0.00948 0.00956 0.00963 0.00973 0.00977 0.00989
  0.01    0.01006 0.01014 0.01023 0.01032 0.01043 0.01047 0.01053 0.01062
  0.01074 0.01082 0.01083 0.01091 0.01107 0.01106 0.01116 0.01115 0.01129
  0.01141 0.01137 0.01152 0.01156 0.01167 0.01175 0.01188 0.01191 0.01203
  0.01218 0.01219 0.01224 0.01231 0.01241 0.01243 0.01252 0.01259 0.0126
  0.01265 0.01269 0.0127  0.01284 0.01293 0.01303 0.01315 0.01322 0.01337
  0.01358 0.01373 0.01399 0.01418 0.01438 0.01453 0.01457 0.01469 0.01481
  0.01494 0.01514 0.01532 0.01553 0.01566 0.01579 0.01593 0.01608 0.01616
  0.0163  0.01653 0.01662 0.01674 0.01697 0.01704 0.0172  0.01729 0.01753
  0.01767 0.01786 0.01801 0.01826 0.0185  0.01868 0.01884 0.01911 0.01919
  0.01931 0.01951 0.01976 0.0198  0.01992 0.02014 0.02042 0.02059 0.02085
  0.02111 0.02144 0.02147 0.02158 0.02183 0.02202 0.02208 0.02218 0.02246
  0.02264 0.02285 0.02303 0.02329 0.0235  0.02371 0.02371 0.02398 0.02413
  0.02423 0.02442 0.02462 0.0247  0.0248  0.02494 0.02505 0.02522 0.02529
  0.02532 0.0255  0.02543 0.02551 0.02547 0.02561 0.0257  0.02591 0.02603
  0.0261  0.02616 0.02618 0.02629 0.02649 0.02666 0.02669 0.02679 0.02695
  0.02725 0.02738 0.02765 0.02773 0.02786 0.02804 0.02806 0.02822 0.02836
  0.02852 0.02871 0.02903 0.02918 0.02941 0.02957 0.02982 0.03004 0.03028
  0.03056 0.03088 0.03103 0.03132 0.03144 0.03176 0.03191 0.03219 0.03261
  0.03309 0.03341 0.03375 0.03419 0.03463 0.03484 0.03521 0.0355  0.03579
  0.03603 0.03644 0.03678 0.03696 0.03738 0.03784 0.03803 0.03842 0.0387
  0.03905 0.03939 0.03947 0.03971 0.03999 0.04026 0.04045 0.04062 0.04083
  0.04099 0.04126 0.04144 0.04146 0.04156 0.04156 0.04168 0.04175 0.04186
  0.0419  0.04196 0.04203 0.04209 0.04214 0.04209 0.04189 0.04206 0.0421
  0.04202 0.04196 0.04203 0.042   0.04199 0.04199 0.04184 0.0417  0.04171
  0.04142 0.0415  0.04136 0.0412  0.04129 0.04124 0.04115 0.04111 0.04087
  0.04074 0.04062 0.04056 0.04027 0.04022 0.04015 0.04022 0.04011 0.04009
  0.04003 0.04005 0.03996 0.03985 0.03982 0.03971 0.0396  0.03957 0.03946
  0.03937 0.03927 0.03922 0.03906 0.039   0.03893 0.03888 0.03874 0.03877
  0.03864 0.03854 0.03853 0.03845 0.03834 0.03834 0.03831 0.03833 0.03826
  0.03836 0.03838 0.03838 0.03833 0.03823 0.03819 0.0382  0.03835 0.03845
  0.03852 0.03849 0.03848 0.03848 0.03841 0.03841 0.03848 0.03848 0.0385
  0.03861 0.0388  0.03872 0.03874 0.03883 0.0388  0.03878 0.0389  0.03893
  0.03878 0.0389  0.03896 0.03902 0.03899 0.03899 0.039   0.03894 0.0391
  0.03903 0.03914 0.03916 0.03941 0.03945 0.03954 0.03959 0.03957 0.03951
  0.03973 0.03977 0.03975 0.03983 0.03986 0.03997 0.0399  0.03995 0.03999
  0.04003 0.03996 0.03991 0.03992 0.03988 0.03996 0.03996 0.04004 0.0402
  0.04028 0.04031 0.04029 0.0404  0.04047 0.04059 0.04058 0.04067 0.04076
  0.04079 0.04069 0.04074 0.04076 0.04074 0.04076 0.04092 0.04096 0.04096
  0.04092 0.04095 0.04099 0.0409  0.04079 0.04079 0.04087 0.04086 0.04099
  0.04091 0.04103 0.04116 0.04124 0.04123 0.0413  0.04134 0.04143 0.04148
  0.04162 0.04158 0.0417  0.04176 0.04184 0.04187 0.04196 0.04204 0.04215
  0.04225 0.04238 0.04249 0.04264 0.04276 0.04288 0.04303 0.04314 0.04319
  0.04337 0.04354 0.04365 0.04391 0.04405 0.04424 0.04414 0.04443 0.04454
  0.04461 0.04472 0.04483 0.04485 0.04504 0.04514 0.04533 0.04545 0.04557
  0.04573 0.04583 0.04595 0.04611 0.04622 0.04636 0.04642 0.04646 0.04656
  0.04652 0.04651 0.04654 0.04656 0.04665 0.04677 0.04668 0.04672 0.04677
  0.04682 0.04688 0.04692 0.04703 0.04716 0.04716 0.04721 0.0472  0.04728
  0.04731 0.04738 0.04739 0.04743 0.04746 0.04752 0.04753 0.04763 0.04761
  0.04773 0.04784 0.04783 0.04799 0.04804 0.04805 0.04811 0.04833 0.04837
  0.04851 0.04864 0.04862 0.04878 0.04889 0.04898 0.04909 0.04925 0.0493
  0.04942 0.04957 0.0497  0.04997 0.05018 0.05035 0.05052 0.05051 0.05057
  0.05061 0.05074 0.05074 0.051   0.05113 0.05136 0.05144 0.05166 0.05176
  0.0519  0.05193 0.05207 0.05212 0.05225 0.05217 0.05224 0.05231 0.0525
  0.05254 0.05262 0.05271 0.05276 0.05283 0.05297 0.05306 0.05312 0.05315
  0.05335 0.05336 0.0535  0.0534  0.05332 0.05325 0.05332 0.05324 0.05314
  0.05304 0.05286 0.05281 0.05267 0.05268 0.05248 0.05257 0.05247 0.0526
  0.05252 0.05232 0.05211 0.05215 0.05207 0.05206 0.0521  0.05204 0.05195
  0.05189 0.05191 0.05186 0.0518  0.05174 0.05164 0.05143 0.05133 0.05116
  0.05113 0.05109 0.05112 0.05109 0.05114 0.05102 0.05099 0.05086 0.05077
  0.05057 0.05057 0.0505  0.0505  0.05037 0.05025 0.05018 0.05015 0.0501
  0.05003 0.0499  0.04986 0.04989 0.0498  0.04972 0.04975 0.04972 0.04963
  0.0495  0.04928 0.04918 0.04904 0.04896 0.04884 0.04872 0.04867 0.04856
  0.04852 0.04848 0.04833 0.0483  0.048   0.04799 0.04773 0.04772 0.04749
  0.04745 0.04731 0.04733 0.04715 0.04708 0.04702 0.04692 0.04685 0.04679
  0.0467  0.04671 0.04654 0.04648 0.04648 0.0464  0.04639 0.04646 0.04652
  0.04653 0.04647 0.04644 0.04623 0.04623 0.04619 0.04597 0.04595 0.04599
  0.04595 0.04584 0.04566 0.0455  0.04533 0.04531 0.04515 0.04498 0.04497
  0.04482 0.04475 0.04487 0.04481 0.04472 0.04465 0.04454 0.04459 0.0446
  0.04463 0.04473 0.04472 0.04487 0.04484 0.04487 0.04493 0.04487 0.04481
  0.04477 0.04482 0.0448  0.04477 0.04479 0.04493 0.04487 0.04491 0.04484
  0.0448  0.04481 0.04483 0.04499 0.04505 0.04511 0.04518 0.04531 0.04534
  0.04542 0.04546 0.04556 0.04553 0.0456  0.04568 0.04581 0.04582 0.04592
  0.04596 0.04612 0.04622 0.04627 0.04633 0.04645 0.04656 0.04664 0.04678
  0.04689 0.047   0.04708 0.04722 0.04739 0.04732 0.04748 0.04743 0.04753
  0.04771 0.04795 0.04809 0.0483  0.04852 0.04872 0.04908 0.04921 0.04929
  0.0493  0.04951 0.04963 0.04985 0.04994 0.0502  0.0503  0.05058 0.05065
  0.05077 0.05098 0.0511  0.05123 0.05135 0.05157 0.0517  0.05193 0.05204
  0.05213 0.05216 0.05226 0.05234 0.05256 0.05269 0.05298 0.053   0.05318
  0.05337 0.05352 0.0536  0.05372 0.05367 0.05374 0.05381 0.05374 0.05379
  0.0539  0.05404 0.05424 0.05439 0.05449 0.05474 0.05491 0.05504 0.05518
  0.05524 0.05541 0.05541 0.05558 0.05573 0.05581 0.05599 0.05614 0.05628
  0.05648 0.05666 0.05675 0.05683 0.05685 0.05678 0.05676 0.05683 0.05682
  0.05711 0.05738 0.05766 0.05792 0.05827 0.05846 0.05859 0.05881 0.05895
  0.05912 0.05923 0.05937 0.05947 0.05956 0.05951 0.05951 0.05941 0.05938
  0.05952 0.0595  0.05959 0.05979 0.05982 0.06009 0.06039 0.06079 0.061
  0.06121 0.06157 0.06172 0.06195 0.0621  0.06232 0.0624  0.06247 0.06269
  0.06259 0.06269 0.06266 0.06254 0.06259 0.06259 0.06257 0.06261 0.06258
  0.06253 0.06258 0.06258 0.06249 0.06253 0.06238 0.06232 0.06239 0.06265
  0.06276 0.06306 0.06322 0.06333 0.06341 0.06367 0.06384 0.06392 0.06396
  0.06405 0.06426 0.06442 0.06451 0.06454 0.06462 0.06476 0.06492 0.06495
  0.06495 0.06496 0.06495 0.06492 0.06501 0.06509 0.06511 0.06507 0.06503
  0.06498 0.06509 0.06515 0.06509 0.065   0.06488 0.06495 0.06507 0.06501
  0.06527 0.06547 0.06577 0.06611 0.06611 0.06626 0.06649 0.0665  0.06651
  0.06665 0.06676]
 [0.00593 0.00575 0.00574 0.00582 0.00587 0.00589 0.00586 0.00577 0.00579
  0.00564 0.00565 0.00556 0.0056  0.00557 0.00556 0.0055  0.00552 0.00547
  0.00549 0.00547 0.00546 0.00542 0.00547 0.00545 0.00545 0.0055  0.00548
  0.00554 0.00556 0.00556 0.00559 0.00567 0.00562 0.00569 0.00561 0.00571
  0.00572 0.00572 0.00577 0.0058  0.00578 0.00579 0.00582 0.0059  0.00586
  0.00596 0.00602 0.00604 0.00607 0.00617 0.00625 0.00634 0.00636 0.00644
  0.00651 0.00653 0.00664 0.00671 0.00677 0.00688 0.00683 0.0069  0.00701
  0.00706 0.00712 0.00723 0.0073  0.00735 0.00738 0.00734 0.00737 0.0074
  0.00733 0.00734 0.00743 0.00746 0.00746 0.00742 0.00745 0.00742 0.00747
  0.00747 0.00748 0.0075  0.00753 0.00752 0.0076  0.00766 0.00768 0.00766
  0.00762 0.0076  0.00768 0.00776 0.00777 0.00778 0.00768 0.00766 0.00772
  0.00773 0.00782 0.00783 0.00788 0.00792 0.00802 0.00808 0.00814 0.00828
  0.0084  0.00842 0.00853 0.00852 0.00868 0.00867 0.00877 0.00881 0.00884
  0.00891 0.00903 0.00916 0.00918 0.00942 0.00956 0.00977 0.00986 0.01007
  0.01017 0.01026 0.01046 0.0106  0.01066 0.01084 0.01095 0.01116 0.01128
  0.01146 0.01157 0.01159 0.01164 0.01168 0.01181 0.01184 0.01193 0.01197
  0.01203 0.0121  0.01217 0.0122  0.01225 0.01227 0.01237 0.01244 0.01258
  0.01269 0.01263 0.01272 0.01274 0.01287 0.01292 0.01301 0.01324 0.0133
  0.01339 0.01353 0.01359 0.01378 0.01382 0.01396 0.01399 0.01413 0.0142
  0.0143  0.01435 0.01444 0.01455 0.01461 0.01468 0.01488 0.01496 0.01509
  0.01513 0.01519 0.01533 0.01529 0.0155  0.01564 0.01573 0.01591 0.01603
  0.0161  0.01624 0.01625 0.01629 0.01637 0.01649 0.01664 0.01681 0.01695
  0.01696 0.0171  0.01724 0.01725 0.01733 0.01734 0.0174  0.01754 0.01743
  0.01757 0.01756 0.01766 0.01754 0.01756 0.0176  0.01768 0.01778 0.01789
  0.01802 0.01808 0.01817 0.01828 0.01837 0.0185  0.01853 0.01866 0.01871
  0.01877 0.01885 0.01889 0.01905 0.01913 0.01913 0.01918 0.01928 0.0194
  0.01954 0.01961 0.01962 0.01967 0.01976 0.01979 0.01997 0.02008 0.02018
  0.02041 0.02055 0.02062 0.02081 0.02095 0.02117 0.0212  0.02137 0.02149
  0.02164 0.02179 0.02191 0.02211 0.02229 0.02248 0.02267 0.02282 0.02294
  0.02305 0.02313 0.02321 0.02328 0.02348 0.0236  0.02376 0.02396 0.02411
  0.02412 0.02413 0.02435 0.02467 0.0248  0.02506 0.02525 0.02543 0.02562
  0.02585 0.02603 0.02616 0.02629 0.02643 0.02654 0.02673 0.02689 0.02697
  0.02716 0.02732 0.02766 0.02774 0.028   0.02816 0.02827 0.02855 0.0287
  0.02892 0.02915 0.02932 0.02946 0.02965 0.02988 0.03007 0.03013 0.03028
  0.03044 0.03048 0.03059 0.03086 0.03111 0.03149 0.03171 0.03195 0.0323
  0.03254 0.03282 0.03321 0.03352 0.03381 0.03428 0.03461 0.03505 0.03546
  0.03603 0.03638 0.03682 0.03726 0.03771 0.03821 0.03877 0.03918 0.03973
  0.04036 0.04099 0.04132 0.0418  0.0423  0.04274 0.04299 0.04345 0.04371
  0.04404 0.04449 0.04503 0.04564 0.04624 0.0467  0.04718 0.04767 0.04827
  0.04885 0.0493  0.04971 0.05023 0.0508  0.0511  0.05148 0.05187 0.05218
  0.05245 0.05264 0.05295 0.05328 0.05344 0.05352 0.05367 0.05376 0.05383
  0.05404 0.05395 0.05413 0.05409 0.05408 0.05412 0.05432 0.05429 0.05439
  0.05431 0.05429 0.05433 0.05446 0.0545  0.05454 0.05442 0.05451 0.05453
  0.05432 0.05425 0.05424 0.05416 0.05419 0.0541  0.05407 0.05401 0.05417
  0.05396 0.05385 0.05368 0.05355 0.05347 0.05345 0.05331 0.05325 0.05305
  0.05282 0.05257 0.05229 0.05209 0.05188 0.05172 0.0518  0.05178 0.05155
  0.05146 0.05128 0.05104 0.0508  0.0508  0.0505  0.05026 0.05018 0.0499
  0.0497  0.04961 0.04948 0.04932 0.04939 0.04922 0.04907 0.04889 0.04884
  0.04854 0.04842 0.04828 0.0481  0.04812 0.04808 0.04796 0.04777 0.04752
  0.04739 0.04721 0.04704 0.04705 0.04701 0.04693 0.0469  0.0467  0.0466
  0.04649 0.04636 0.04627 0.04613 0.04617 0.04616 0.04625 0.04609 0.04597
  0.04589 0.04573 0.04572 0.04563 0.04556 0.04553 0.04542 0.04544 0.04539
  0.04535 0.04525 0.04526 0.04522 0.04513 0.04509 0.04507 0.04506 0.04498
  0.04503 0.0449  0.04479 0.04473 0.0446  0.04453 0.0444  0.04433 0.0441
  0.04406 0.04406 0.04403 0.04398 0.04391 0.04386 0.04383 0.04371 0.04391
  0.04391 0.04398 0.04395 0.04394 0.04406 0.044   0.04398 0.04388 0.04405
  0.04402 0.04389 0.04395 0.044   0.044   0.04393 0.04376 0.04388 0.04385
  0.04398 0.0438  0.04375 0.04368 0.04367 0.04359 0.04357 0.04361 0.04365
  0.04359 0.04344 0.04348 0.04344 0.0434  0.0435  0.04345 0.04343 0.04346
  0.04343 0.04347 0.04333 0.04343 0.04332 0.04328 0.04332 0.04331 0.04323
  0.04324 0.04326 0.04327 0.0434  0.04338 0.0435  0.04353 0.04356 0.04359
  0.04362 0.04366 0.04374 0.0439  0.04403 0.04423 0.04431 0.04451 0.04461
  0.04466 0.04479 0.04485 0.04493 0.04503 0.04515 0.04521 0.0453  0.0455
  0.04562 0.04582 0.04584 0.04606 0.04622 0.04628 0.04647 0.04646 0.04659
  0.04667 0.04675 0.04666 0.04669 0.04663 0.04672 0.04679 0.04693 0.04705
  0.04704 0.04712 0.04725 0.04726 0.04735 0.04741 0.04753 0.0475  0.04763
  0.04764 0.0478  0.04784 0.04792 0.04802 0.04804 0.04798 0.04819 0.04822
  0.04828 0.04834 0.04846 0.04843 0.04851 0.04855 0.04868 0.04878 0.04884
  0.04893 0.04904 0.04912 0.04928 0.04947 0.04955 0.04956 0.0496  0.04972
  0.04978 0.04994 0.05006 0.05019 0.05032 0.05041 0.05052 0.05062 0.05066
  0.05074 0.0509  0.05099 0.051   0.05105 0.05108 0.0512  0.05136 0.05138
  0.05146 0.05148 0.05158 0.0518  0.05183 0.05189 0.05195 0.05199 0.05221
  0.05236 0.05255 0.05273 0.05289 0.05297 0.05316 0.05328 0.05341 0.05359
  0.05369 0.0538  0.05386 0.05392 0.05404 0.0542  0.05421 0.05431 0.05437
  0.05452 0.05472 0.05475 0.05482 0.0549  0.055   0.05512 0.05521 0.05518
  0.05511 0.05514 0.05533 0.05546 0.05565 0.05554 0.05553 0.05544 0.05537
  0.0554  0.05536 0.0553  0.0553  0.0552  0.05517 0.05499 0.05503 0.05504
  0.05513 0.05507 0.05514 0.05514 0.05511 0.05509 0.05515 0.05522 0.05526
  0.05526 0.05522 0.05523 0.05516 0.05519 0.05513 0.0551  0.05514 0.05482
  0.05467 0.05447 0.05426 0.05404 0.05391 0.05386 0.05381 0.0537  0.0537
  0.05362 0.05366 0.0536  0.0535  0.05345 0.05339 0.05325 0.05325 0.05316
  0.05323 0.05321 0.0534  0.05346 0.05327 0.05338 0.05342 0.05344 0.05315
  0.05296 0.05287 0.05277 0.05254 0.05252 0.05244 0.05241 0.05243 0.0523
  0.05207 0.05189 0.05177 0.05166 0.05149 0.05146 0.05131 0.05132 0.05133
  0.05135 0.05129 0.05136 0.05128 0.05132 0.0513  0.05127 0.05121 0.05118
  0.05113 0.05113 0.05118 0.05122 0.05125 0.05128 0.05124 0.05121 0.05126
  0.05119 0.05117 0.05111 0.05116 0.05108 0.05111 0.05109 0.05103 0.05113
  0.05118 0.05113 0.05118 0.0513  0.05116 0.05105 0.05111 0.05093 0.05087
  0.05086 0.0508  0.05092 0.05093 0.05093 0.05106 0.05098 0.05107 0.05111
  0.05112 0.05125 0.05139 0.05146 0.05149 0.05147 0.05122 0.05121 0.05123
  0.05114 0.05112 0.05099 0.05097 0.05087 0.05091 0.05096 0.05109 0.05108
  0.05109 0.05119 0.05119 0.05116 0.05119 0.0512  0.05117 0.05128 0.05133
  0.05138 0.05146 0.05152 0.0516  0.05137 0.05141 0.05134 0.05119 0.0512
  0.05126 0.05131 0.05133 0.05146 0.05153 0.05154 0.05169 0.05171 0.05176
  0.05182 0.05189 0.05194 0.05204 0.05222 0.05248 0.05269 0.05291 0.05285
  0.05285 0.05291 0.05282 0.05288 0.05299 0.05296 0.05306 0.05311 0.05329
  0.05334 0.05351 0.05375 0.05404 0.05426 0.05427 0.0543  0.05437 0.05444
  0.05446 0.05457 0.05474 0.05485 0.05505 0.05519 0.05541 0.05556 0.05576
  0.05591 0.05598 0.05618 0.05622 0.05636 0.05655 0.05678 0.05691 0.05723
  0.05731 0.05752 0.05784 0.05794 0.05814 0.05832 0.05852 0.05876 0.05889
  0.05905 0.05919 0.05927 0.0595  0.05962 0.05995 0.06037 0.06056 0.06095
  0.06131 0.0618  0.06201 0.06219 0.06227 0.06245 0.06257 0.06265 0.06268
  0.06276 0.0629  0.06303 0.06303 0.06316 0.06305 0.06297 0.06311 0.06312
  0.06305 0.06313 0.06335 0.06353 0.06383 0.06395 0.06388 0.06381 0.06372
  0.06366 0.06358 0.06367 0.06395 0.06412 0.06423 0.06406 0.064   0.06424
  0.06433 0.06445 0.06458 0.06469 0.0648  0.06507 0.06541 0.06583 0.06593
  0.0658  0.06572 0.0657  0.06558 0.06569 0.06564 0.0657  0.06581 0.06574
  0.06573 0.06571 0.06565 0.06562 0.06563 0.06571 0.06589 0.06597 0.06612
  0.06643 0.06647 0.0666  0.0666  0.06663 0.06651 0.06662 0.06663 0.06667
  0.06678 0.06684 0.0669  0.06707 0.06717 0.06729 0.06751 0.06762 0.06773
  0.06791 0.0681  0.06821 0.06814 0.06811 0.06801 0.06798 0.06793 0.06777
  0.06769 0.06763]
 [0.00648 0.00617 0.00614 0.0061  0.00622 0.00618 0.00613 0.00608 0.006
  0.00595 0.00588 0.0058  0.00581 0.0057  0.00571 0.00559 0.00556 0.00552
  0.00552 0.00552 0.00547 0.00543 0.00543 0.00541 0.00546 0.00543 0.00539
  0.00539 0.00539 0.00535 0.00541 0.00542 0.00545 0.00535 0.00535 0.00532
  0.00534 0.00538 0.00536 0.00534 0.00533 0.0054  0.00537 0.00534 0.0054
  0.00537 0.00545 0.00538 0.0055  0.00553 0.00559 0.00562 0.00571 0.00571
  0.00575 0.00582 0.00584 0.00582 0.00586 0.00591 0.00591 0.00597 0.00595
  0.00597 0.00601 0.00606 0.00614 0.00615 0.00617 0.00621 0.00629 0.00638
  0.00644 0.00651 0.00655 0.00667 0.00678 0.00684 0.00693 0.007   0.00714
  0.00726 0.00728 0.0074  0.00751 0.00762 0.00774 0.00791 0.00802 0.00815
  0.00828 0.00842 0.00848 0.00858 0.00871 0.00879 0.00893 0.00908 0.00913
  0.00923 0.00925 0.00941 0.00953 0.00958 0.00972 0.00984 0.01002 0.01011
  0.01015 0.01021 0.01026 0.01039 0.01041 0.01054 0.01068 0.01077 0.01081
  0.01085 0.01088 0.01089 0.01094 0.01101 0.01111 0.01106 0.0111  0.01118
  0.01111 0.01125 0.01123 0.01134 0.0114  0.01149 0.01159 0.01164 0.01165
  0.01173 0.01182 0.01196 0.0121  0.01229 0.01236 0.01247 0.01251 0.01266
  0.01262 0.01274 0.01282 0.01296 0.01312 0.01319 0.01335 0.01348 0.01359
  0.0136  0.01377 0.01393 0.01397 0.01411 0.01417 0.01421 0.01424 0.01432
  0.01437 0.0145  0.01459 0.01472 0.01473 0.01473 0.01498 0.01495 0.01505
  0.01508 0.01509 0.01518 0.01526 0.01539 0.01546 0.01559 0.01572 0.01589
  0.016   0.01617 0.01618 0.01631 0.01644 0.01666 0.0168  0.01697 0.01721
  0.01746 0.01777 0.01807 0.01838 0.01875 0.01899 0.01936 0.01964 0.01994
  0.02023 0.02057 0.02094 0.02126 0.02166 0.02203 0.02236 0.02269 0.02304
  0.02339 0.02385 0.0243  0.02464 0.02504 0.02541 0.02573 0.02627 0.02666
  0.02704 0.02746 0.02774 0.02809 0.02852 0.02893 0.02935 0.02978 0.03027
  0.03079 0.03122 0.03161 0.032   0.03241 0.03298 0.03339 0.03401 0.03449
  0.03489 0.0352  0.0357  0.03618 0.03668 0.03702 0.03738 0.03764 0.03794
  0.03833 0.03871 0.03906 0.03947 0.03976 0.04002 0.04031 0.0405  0.04073
  0.0407  0.04075 0.0408  0.04082 0.04106 0.04133 0.04149 0.04161 0.04168
  0.04168 0.04163 0.04155 0.04137 0.04127 0.04102 0.04089 0.04078 0.04061
  0.04056 0.0405  0.04052 0.04053 0.04035 0.04009 0.03967 0.03941 0.0389
  0.03866 0.03838 0.03802 0.03775 0.03766 0.03745 0.03724 0.03709 0.03716
  0.03697 0.0369  0.03687 0.0369  0.03686 0.03692 0.03699 0.0371  0.03715
  0.03726 0.03736 0.03732 0.03752 0.03761 0.03783 0.03797 0.03818 0.03833
  0.0386  0.03872 0.03902 0.03922 0.03954 0.03973 0.03987 0.04003 0.04025
  0.04061 0.0408  0.04097 0.0413  0.0416  0.0418  0.04204 0.04239 0.04264
  0.04294 0.04322 0.04331 0.04343 0.04349 0.04341 0.04356 0.04364 0.04365
  0.04365 0.04382 0.04396 0.04408 0.0443  0.04435 0.04444 0.0444  0.04456
  0.0446  0.04463 0.0446  0.04463 0.0445  0.04456 0.04453 0.04451 0.04434
  0.04438 0.04429 0.04422 0.04418 0.04421 0.04428 0.04425 0.04427 0.04419
  0.04414 0.04402 0.04398 0.04389 0.04388 0.04387 0.04374 0.04367 0.04365
  0.04367 0.04364 0.04362 0.04354 0.0436  0.04358 0.04348 0.04349 0.0435
  0.04342 0.04326 0.04322 0.04315 0.04295 0.04291 0.04274 0.04275 0.04286
  0.0428  0.04279 0.04279 0.04282 0.04277 0.04275 0.04275 0.0428  0.04291
  0.04295 0.04295 0.04297 0.04307 0.04307 0.04322 0.04333 0.04336 0.04351
  0.0436  0.04374 0.04405 0.04428 0.04445 0.04467 0.04478 0.04497 0.0452
  0.04533 0.0454  0.04561 0.04567 0.0459  0.04601 0.04603 0.04618 0.04635
  0.04644 0.04649 0.04665 0.04667 0.04677 0.04697 0.04711 0.04712 0.04721
  0.04727 0.04738 0.04743 0.04743 0.04747 0.04742 0.04752 0.04745 0.04746
  0.04752 0.04741 0.04751 0.04744 0.04754 0.04751 0.04746 0.04742 0.04745
  0.04739 0.04745 0.04736 0.04733 0.04738 0.04737 0.04742 0.04741 0.04748
  0.04743 0.04747 0.04737 0.04742 0.0474  0.04745 0.04752 0.04751 0.04756
  0.04768 0.04777 0.04773 0.04768 0.04775 0.04771 0.04763 0.04767 0.0477
  0.04774 0.04778 0.04776 0.04792 0.04788 0.04795 0.04797 0.04805 0.04793
  0.04788 0.04793 0.04794 0.04792 0.04792 0.04779 0.04777 0.04783 0.04781
  0.04777 0.04784 0.04779 0.04779 0.04774 0.04775 0.0478  0.04782 0.04778
  0.04775 0.0478  0.0478  0.04773 0.04768 0.04773 0.04764 0.04766 0.0476
  0.04756 0.04761 0.04762 0.04757 0.04751 0.04753 0.04753 0.0475  0.04745
  0.04749 0.04744 0.04751 0.04747 0.04731 0.04729 0.04721 0.04711 0.04705
  0.04703 0.04698 0.0469  0.0469  0.04686 0.0468  0.04674 0.04671 0.04654
  0.04646 0.04638 0.04639 0.04613 0.04605 0.04597 0.04582 0.04573 0.04575
  0.04563 0.04561 0.04549 0.04545 0.04537 0.04527 0.04506 0.04498 0.045
  0.04489 0.04494 0.04486 0.04479 0.04477 0.04465 0.04468 0.04446 0.04432
  0.04416 0.04414 0.04406 0.04396 0.04388 0.04367 0.04379 0.0438  0.04366
  0.04354 0.04334 0.04336 0.04324 0.04326 0.04326 0.04319 0.04315 0.04307
  0.04308 0.04303 0.04304 0.04306 0.04311 0.04306 0.04306 0.04301 0.04294
  0.04289 0.04286 0.04286 0.04284 0.04287 0.04287 0.04293 0.04288 0.04291
  0.04292 0.04301 0.04303 0.04305 0.04311 0.04311 0.04307 0.04319 0.04332
  0.0434  0.0436  0.04349 0.04356 0.0436  0.04373 0.0437  0.04392 0.04397
  0.04424 0.04459 0.04483 0.04509 0.04532 0.04553 0.04564 0.04579 0.04605
  0.04624 0.04652 0.04674 0.04699 0.04732 0.04759 0.04784 0.04804 0.04827
  0.04849 0.04878 0.04918 0.04946 0.04984 0.05018 0.05057 0.0509  0.05122
  0.05154 0.0519  0.05232 0.0526  0.0529  0.05313 0.05339 0.05373 0.05393
  0.05434 0.0546  0.0549  0.05529 0.05549 0.05593 0.05625 0.05667 0.05692
  0.05731 0.05766 0.05804 0.05834 0.05867 0.05902 0.05931 0.05964 0.05999
  0.06039 0.06067 0.06102 0.06149 0.06179 0.06222 0.06235 0.06249 0.06251
  0.06262 0.06311 0.06359 0.06403 0.06428 0.06471 0.06505 0.06546 0.06581
  0.06623 0.06653 0.0669  0.06731 0.0675  0.06789 0.06822 0.0686  0.06884
  0.06928 0.06959 0.0699  0.07017 0.07027 0.07041 0.07051 0.07063 0.07086
  0.07104 0.07124 0.07142 0.07169 0.07183 0.07208 0.07223 0.07255 0.07274
  0.07292 0.07312 0.07343 0.07377 0.07407 0.07431 0.07473 0.07498 0.07515
  0.07539 0.0755  0.07576 0.07599 0.07623 0.0764  0.07658 0.0768  0.07684
  0.07698 0.07716 0.07722 0.07736 0.07735 0.07758 0.07754 0.07757 0.07775
  0.0778  0.07771 0.07768 0.07776 0.07771 0.07784 0.0779  0.0779  0.07803
  0.0781  0.0781  0.078   0.07794 0.07793 0.07774 0.07769 0.07754 0.07737
  0.07724 0.07717 0.07707 0.07696 0.07694 0.07701 0.07692 0.07703 0.07709
  0.07707 0.07725 0.07734 0.07733 0.07741 0.07749 0.07747 0.07751 0.07755
  0.07745 0.07742 0.07738 0.07726 0.07716 0.07702 0.07691 0.07672 0.07662
  0.07639 0.07619 0.07605 0.07586 0.07562 0.07541 0.07539 0.0753  0.07531
  0.07521 0.07507 0.07486 0.07474 0.0744  0.07419 0.07404 0.07376 0.0736
  0.07343 0.0734  0.07319 0.0731  0.07306 0.07291 0.07277 0.07266 0.07246
  0.07232 0.07215 0.072   0.07201 0.07189 0.07183 0.07178 0.07176 0.07183
  0.07173 0.07167 0.07167 0.07161 0.07167 0.0717  0.07164 0.07159 0.07157
  0.07154 0.07148 0.07136 0.0714  0.07144 0.07134 0.07141 0.07156 0.07155
  0.07162 0.07151 0.07112 0.07092 0.07065 0.07033 0.07013 0.06992 0.07008
  0.07013 0.07038 0.07041 0.07036 0.0701  0.0699  0.06989 0.06978 0.06984
  0.06983 0.06992 0.06996 0.06997 0.06978 0.0698  0.0698  0.06976 0.06984
  0.06988 0.06999 0.07    0.07003 0.06987 0.06965 0.06947 0.06932 0.06927
  0.06938 0.06929 0.06942 0.06932 0.06937 0.0694  0.06947 0.06956 0.06963
  0.06976 0.06981 0.06976 0.0696  0.06945 0.06944 0.06947 0.0695  0.06954
  0.06956 0.06962 0.06965 0.06968 0.06965 0.06963 0.06958 0.06961 0.06952
  0.06947 0.06946 0.06937 0.06933 0.06925 0.06929 0.06911 0.06891 0.06881
  0.06856 0.06845 0.06808 0.0677  0.06743 0.06717 0.06708 0.06715 0.06733
  0.06735 0.06755 0.06755 0.06751 0.06737 0.06733 0.06735 0.06716 0.06712
  0.06692 0.06681 0.06657 0.0664  0.06641 0.0664  0.06642 0.06645 0.06648
  0.06644 0.06647 0.06641 0.06624 0.06607 0.06598 0.06586 0.06577 0.06574
  0.06561 0.06547 0.06537 0.06513 0.06497 0.06481 0.0646  0.06452 0.06406
  0.06366 0.0634  0.06313 0.06284 0.06264 0.06252 0.06241 0.06221 0.06213
  0.06207 0.06196 0.06163 0.06126 0.06094 0.06067 0.06043 0.06013 0.06003
  0.05972 0.0596  0.05931 0.05916 0.05905 0.05893 0.05865 0.05815 0.05778
  0.05749 0.05731 0.05712 0.05693 0.05653 0.05622 0.05598 0.05569 0.05545
  0.05509 0.05457]]
Mean: 0.04134, Std Dev: 0.02090
