[0.03157 0.03154 0.03146 0.0315  0.03166 0.03185 0.03201 0.0321  0.03214
 0.03193 0.03165 0.03142 0.03104 0.03077 0.03049 0.03031 0.03007 0.03005
 0.03009 0.03007 0.03007 0.03014 0.03016 0.03019 0.03051 0.03119 0.03215
 0.033   0.03399 0.03553 0.03998 0.03599 0.03433 0.03319 0.03249 0.03216
 0.03247 0.03279 0.03319 0.03352 0.03371 0.03369 0.03345 0.03323 0.03294
 0.03259 0.03242 0.03226 0.03219 0.03216 0.03225 0.03234 0.03243 0.03265
 0.03291 0.03297 0.03319 0.03316 0.03318 0.03311 0.03312 0.03296 0.03291
 0.03282 0.03285 0.03282 0.03288 0.0331  0.03327 0.03335 0.03332 0.03309
 0.03292 0.03266 0.03225 0.03204 0.03177 0.03147 0.03137 0.03124 0.03136
 0.03136 0.03146 0.03153 0.03157 0.03162 0.03204 0.03266 0.03335 0.03428
 0.03517 0.03619 0.0381  0.0391  0.03586 0.03481 0.03406 0.03384 0.03394
 0.0343 ]
Mean: 0.03266, Std Dev: 0.00174
