[[0.02691 0.02736 0.02753 0.0281  0.02741 0.02682 0.02724 0.02725 0.02617
  0.02599 0.02659 0.02738 0.02775 0.02817 0.02757 0.02815 0.02827 0.02901
  0.02902 0.02886 0.02948 0.02828 0.02859 0.02946 0.02903 0.03066 0.03052
  0.03004 0.03043 0.0317  0.03058 0.03069 0.03129 0.03143 0.03086 0.03146
  0.03222 0.03219 0.03216 0.03206 0.03154 0.03231 0.03207 0.03159 0.03169
  0.03121 0.03133 0.03099 0.03101 0.03187 0.03125 0.03226 0.03169 0.03068
  0.03041 0.03116 0.03043 0.0295  0.02953 0.02963 0.02988 0.02946 0.02918
  0.02986 0.02969 0.0291  0.02896 0.02796 0.0297  0.0287  0.02829 0.02936
  0.02767 0.0288  0.02824 0.02854 0.02872 0.02883 0.02841 0.02981 0.0291
  0.02969 0.02909 0.02989 0.03    0.02998 0.03065 0.03033 0.03068 0.03165
  0.03159 0.03157 0.03277 0.03273 0.03158 0.03243 0.0323  0.03339 0.03413
  0.03381 0.03387 0.03468 0.03534 0.03372 0.03505 0.03489 0.03511 0.03564
  0.03531 0.037   0.0358  0.03496 0.03644 0.03595 0.0357  0.03489 0.03613
  0.03559 0.03604 0.03655 0.03626 0.03522 0.03465 0.03481 0.03473 0.03517
  0.03541 0.03435 0.03377 0.03466 0.03462 0.0329  0.03266 0.03339 0.03337
  0.03362 0.03179 0.03282 0.03242 0.03204 0.03153 0.03248 0.03295 0.03164
  0.03226 0.03122 0.03226 0.03117 0.03091 0.03208 0.03167 0.03215 0.0317
  0.03188 0.03169 0.03066 0.03229 0.03231 0.03209 0.03175 0.03211 0.03134
  0.0307  0.03123 0.03017 0.03191 0.03123 0.0313  0.03023 0.03165 0.03051
  0.0316  0.03073 0.03276 0.03146 0.03238 0.03184 0.03241 0.03194 0.03284
  0.03202 0.0334  0.0328  0.03334 0.03478 0.03332 0.0339  0.03329 0.03437
  0.03493 0.03478 0.03526 0.03518 0.03554 0.0348  0.0354  0.03581 0.03559
  0.03627 0.03657 0.03673 0.03675 0.03774 0.03744 0.03651 0.03696 0.03775
  0.03766 0.03857 0.03926 0.03863 0.03906 0.03951 0.03912 0.03837 0.03943
  0.04075 0.03959 0.03998 0.03987 0.04081 0.04    0.03995 0.04103 0.04175
  0.04044 0.03979 0.04127 0.04183 0.04139 0.04163 0.04109 0.04094 0.04272
  0.04074 0.04124 0.04144 0.04226 0.04044 0.04149 0.04327 0.04238 0.04232
  0.04251 0.04235 0.04315 0.04207 0.04179 0.04224 0.04371 0.04329 0.04339
  0.04333 0.04221 0.04361 0.04343 0.04352 0.04331 0.04485 0.04427 0.04395
  0.04488 0.04511 0.0436  0.04435 0.04538 0.04457 0.04644 0.04587 0.04574
  0.04599 0.04642 0.04637 0.04634 0.04636 0.04671 0.04674 0.04796 0.04749
  0.04678 0.04649 0.04768 0.04692 0.04889 0.04905 0.04934 0.04897 0.04918
  0.04871 0.04936 0.05117 0.04998 0.05057 0.05046 0.05187 0.05206 0.05249
  0.05253 0.05214 0.05269 0.05279 0.05343 0.05242 0.05237 0.05311 0.05378
  0.05303 0.0548  0.05276 0.05404 0.05275 0.05259 0.05564 0.05388 0.05501
  0.05498 0.05437 0.05535 0.05631 0.05615 0.05601 0.05621 0.05638 0.05762
  0.05634 0.05695 0.05655 0.05554 0.05726 0.05779 0.05635 0.05793 0.05762
  0.0581  0.05805 0.05682 0.05736 0.05667 0.05873 0.05836 0.05829 0.05862
  0.05917 0.05902 0.05876 0.05991 0.05965 0.0597  0.06157 0.06092 0.06102
  0.06056 0.0603  0.0593  0.06054 0.05998 0.06063 0.0609  0.06204 0.06227
  0.06062 0.06268 0.06226 0.06165 0.0628  0.06268 0.06296 0.06206 0.06294
  0.06318 0.06388 0.06343 0.0645  0.06356 0.06436 0.06478 0.06358 0.06581
  0.06548 0.066   0.06628 0.06672 0.06633 0.06698 0.06722 0.06753 0.06844
  0.06885 0.06811 0.06794 0.06907 0.06896 0.06834 0.06952 0.06853 0.06991
  0.06907 0.07009 0.06907 0.071   0.07217 0.07122 0.07207 0.07288 0.07265
  0.072   0.07381 0.07271 0.07355 0.07381 0.07246 0.07475 0.07391 0.07536
  0.07464 0.07584 0.07518 0.07605 0.07705 0.07728 0.07605 0.07729 0.07731
  0.07823 0.0777  0.07955 0.07922 0.07922 0.07943 0.079   0.07927 0.08
  0.08126 0.08134 0.08145 0.08206 0.0818  0.08206 0.08247 0.08209 0.08393
  0.08305 0.08358 0.08364 0.08475 0.08495 0.08438 0.08651 0.08571 0.08593
  0.08659 0.08707 0.08769 0.08822 0.08662 0.08896 0.08914 0.08996 0.09051
  0.09065 0.09013 0.09089 0.0909  0.09162 0.09035 0.09236 0.09345 0.09306
  0.09326 0.09339 0.0935  0.09481 0.09355 0.09528 0.09572 0.09429 0.09596
  0.09634 0.09645 0.09775 0.09733 0.10023 0.10014 0.09951 0.09977 0.10068
  0.10139 0.10041 0.10043 0.1022  0.10264 0.1032  0.10394 0.10469 0.10609
  0.10538 0.10574 0.10592 0.10676 0.10849 0.10775 0.10844 0.10821 0.10929
  0.11068 0.11125 0.11152 0.11078 0.11177 0.11341 0.11342 0.11424 0.11464
  0.1154  0.11674 0.11611 0.11587 0.11649 0.11695 0.11838 0.11941 0.11974
  0.11975 0.12014 0.12011 0.12154 0.1218  0.12171 0.12356 0.12452 0.12436
  0.12504 0.1248  0.12626 0.12651 0.1264  0.12862 0.12693 0.12873 0.12916
  0.12992 0.12988 0.12936 0.13092 0.13186 0.13227 0.13392 0.13282 0.1331
  0.13365 0.134   0.13465 0.1359  0.13742 0.13808 0.13776 0.13972 0.13936
  0.14071 0.14208 0.14129 0.14159 0.14289 0.14339 0.14509 0.14404 0.14675
  0.14527 0.1475  0.14801 0.14861 0.14873 0.15045 0.15027 0.15037 0.15048
  0.15179 0.15227 0.15354 0.15504 0.15544 0.15496 0.15671 0.15659 0.15701
  0.15896 0.15839 0.16033 0.16125 0.16106 0.16195 0.16155 0.16322 0.16441
  0.1639  0.16478 0.16482 0.16795 0.16721 0.16745 0.16801 0.16886 0.17061
  0.17089 0.17202 0.17174 0.1724  0.17222 0.17419 0.17524 0.17476 0.17607
  0.17713 0.17743 0.17759 0.17878 0.17932 0.18115 0.18056 0.18255 0.18323
  0.18531 0.18484 0.18526 0.18465 0.18764 0.18743 0.18818 0.18816 0.18979
  0.19046 0.19124 0.19269 0.19291 0.19408 0.19461 0.1952  0.19606 0.1958
  0.19677 0.19749 0.19869 0.19827 0.20154 0.20082 0.20101 0.20283 0.20194
  0.20368 0.20557 0.20311 0.20552 0.20567 0.20673 0.20912 0.20784 0.20849
  0.2105  0.21208 0.21232 0.21308 0.21252 0.21416 0.21554 0.21558 0.21618
  0.21805 0.21769 0.21831 0.2184  0.21841 0.22116 0.22081 0.22195 0.2227
  0.22426 0.22373 0.22671 0.22606 0.22645 0.22802 0.22713 0.22861 0.22867
  0.22992 0.23016 0.23229 0.23358 0.23284 0.23422 0.23369 0.23717 0.23631
  0.23686 0.23661 0.23791 0.23919 0.24027 0.24101 0.24185 0.24309 0.24374
  0.24485 0.24452 0.2444  0.24551 0.24679 0.24769 0.24891 0.24945 0.2488
  0.25052 0.25021 0.25215 0.25329 0.25302 0.25416 0.25445 0.25567 0.25595
  0.25597 0.25705 0.2572  0.25954 0.25958 0.26075 0.26075 0.2618  0.26168
  0.26376 0.26326 0.26529 0.26477 0.2662  0.26676 0.2669  0.26932 0.26888
  0.27031 0.26961 0.27145 0.27145 0.27201 0.2736  0.27281 0.27382 0.27464
  0.2735  0.27571 0.27727 0.27583 0.27799 0.27912 0.27904 0.27993 0.27968
  0.28211 0.2808  0.28297 0.28183 0.28228 0.28491 0.28509 0.28528 0.28631
  0.28807 0.28816 0.28757 0.28918 0.28951 0.29107 0.29108 0.29126 0.29241
  0.29404 0.2942  0.29433 0.2953  0.29601 0.29544 0.29596 0.29621 0.29806
  0.29808 0.29891 0.29889 0.30114 0.3013  0.30065 0.3026  0.30276 0.3026
  0.30463 0.30425 0.30478 0.30585 0.30705 0.30694 0.30708 0.30853 0.3098
  0.31009 0.30993 0.31127 0.31285 0.31186 0.31202 0.31206 0.31426 0.31428
  0.31523 0.31599 0.31648 0.31804 0.31825 0.31921 0.3186  0.31982 0.32064
  0.32193 0.32231 0.32206 0.32299 0.32338 0.32429 0.32454 0.32443 0.32547
  0.32652 0.32723 0.32768 0.32852 0.32879 0.32876 0.32967 0.33022 0.33163
  0.33123 0.33308 0.33224 0.33313 0.33421 0.33392 0.33512 0.3358  0.33614
  0.3359  0.337   0.33766 0.33949 0.33869 0.33831 0.33986 0.34067 0.34027
  0.34041 0.34043 0.34073 0.34143 0.34123 0.34389 0.34323 0.34313 0.34454
  0.34573 0.34589 0.34667 0.34703 0.3454  0.34749 0.34791 0.34915 0.34862
  0.34884 0.34939 0.34999 0.35276 0.35157 0.35198 0.35216 0.3538  0.35446
  0.35501 0.35524 0.3556  0.35555 0.35644 0.3572  0.35741 0.35817 0.35917
  0.35931 0.35901 0.35924 0.3594  0.3611  0.36113 0.36045 0.36102 0.36286
  0.3629  0.36292 0.36427 0.36389 0.36488 0.36469 0.36582 0.36556 0.366
  0.36759 0.36613 0.36783 0.36856 0.36956 0.36845 0.36962 0.36966 0.37044
  0.37088 0.37118 0.37091 0.37207 0.37202 0.37294 0.37387 0.37337 0.3753
  0.37499 0.37502 0.37494 0.37497 0.37586 0.37665 0.37576 0.37634 0.37824
  0.3782  0.37802 0.37777 0.37807 0.37789 0.37891 0.38084 0.38029 0.38056
  0.38005 0.37884 0.38133 0.38169 0.38054 0.3815  0.38048 0.38122 0.38144
  0.38229 0.38336 0.38203 0.38274 0.3835  0.38357 0.38256 0.38182 0.38319
  0.38423 0.38402 0.38502 0.38494 0.38319 0.38513 0.3845  0.38442 0.38566
  0.38486 0.38521 0.38389 0.38559 0.38461 0.38559 0.38597 0.3862  0.38597
  0.3848  0.38568 0.3852  0.38577 0.3853  0.38614 0.38514 0.38512 0.38541
  0.38505 0.38466 0.38594 0.38627 0.38575 0.38578 0.3842  0.38433 0.38683
  0.38522 0.38591]
 [0.02917 0.02838 0.02749 0.02717 0.0264  0.02639 0.02591 0.02514 0.02493
  0.02602 0.02532 0.02584 0.02505 0.02517 0.02675 0.02576 0.02734 0.02619
  0.02815 0.02746 0.02731 0.02929 0.02853 0.02853 0.02868 0.02892 0.02942
  0.02941 0.03043 0.03181 0.03178 0.03164 0.03292 0.03206 0.03227 0.03282
  0.0332  0.03265 0.03298 0.03324 0.03461 0.03351 0.03263 0.03247 0.03219
  0.03228 0.0318  0.0323  0.03253 0.03227 0.0324  0.03113 0.03112 0.0303
  0.03037 0.02951 0.03042 0.02982 0.02889 0.02864 0.02818 0.02675 0.02766
  0.02854 0.02643 0.02675 0.02687 0.02627 0.02599 0.02578 0.02627 0.02532
  0.02558 0.02501 0.02488 0.02505 0.02362 0.02339 0.02434 0.02341 0.02434
  0.02438 0.0237  0.02413 0.02369 0.02494 0.02439 0.02427 0.0246  0.02361
  0.02418 0.0249  0.02463 0.02576 0.02469 0.02498 0.02548 0.02524 0.02605
  0.02598 0.02718 0.02583 0.02671 0.02766 0.02715 0.0282  0.02842 0.02854
  0.02783 0.0277  0.02957 0.02856 0.02863 0.02837 0.02879 0.02941 0.02946
  0.02916 0.02805 0.02919 0.02995 0.02996 0.02848 0.02946 0.02829 0.02931
  0.02868 0.02689 0.02803 0.02817 0.02694 0.02576 0.02764 0.02725 0.02622
  0.02646 0.02586 0.02626 0.0252  0.02546 0.02468 0.02534 0.02544 0.02399
  0.02465 0.02459 0.02406 0.02252 0.02374 0.02399 0.02251 0.02358 0.0237
  0.02366 0.02317 0.02391 0.02367 0.02269 0.02302 0.02327 0.02346 0.02368
  0.02406 0.02485 0.02369 0.02415 0.02369 0.02376 0.02308 0.02402 0.02419
  0.02292 0.02445 0.02401 0.02442 0.02335 0.02379 0.02358 0.02368 0.02443
  0.02335 0.02452 0.02392 0.02394 0.02375 0.02426 0.02426 0.0242  0.02305
  0.02393 0.02279 0.02484 0.02363 0.02405 0.0251  0.02493 0.02517 0.02403
  0.02422 0.02498 0.02445 0.02481 0.02391 0.02437 0.02499 0.02506 0.02423
  0.02455 0.02472 0.02508 0.02436 0.0256  0.0243  0.0249  0.02535 0.02563
  0.02638 0.0245  0.02676 0.02563 0.02604 0.02571 0.02573 0.02589 0.02517
  0.02574 0.02511 0.0261  0.0257  0.02605 0.02772 0.02532 0.02605 0.02569
  0.02663 0.0269  0.02724 0.02655 0.02767 0.02735 0.02585 0.02665 0.02711
  0.02662 0.02625 0.02587 0.02673 0.02594 0.02618 0.02551 0.02528 0.02618
  0.02646 0.02655 0.02695 0.02673 0.02635 0.02626 0.02749 0.02727 0.02654
  0.02727 0.02639 0.02638 0.02701 0.02675 0.02845 0.02754 0.02762 0.02708
  0.02794 0.02802 0.02662 0.02745 0.02763 0.02694 0.02894 0.02765 0.0282
  0.027   0.02726 0.02752 0.02869 0.02821 0.02844 0.02728 0.02719 0.02821
  0.02847 0.02811 0.02747 0.02725 0.02706 0.02759 0.02671 0.02674 0.02736
  0.0272  0.02623 0.02673 0.0273  0.02782 0.02677 0.02642 0.02698 0.02738
  0.02746 0.02598 0.02747 0.02717 0.02743 0.02739 0.02667 0.02728 0.0271
  0.02729 0.02788 0.02748 0.02696 0.02691 0.02716 0.02687 0.02728 0.0267
  0.02637 0.02686 0.02614 0.02667 0.02595 0.02658 0.027   0.02768 0.02707
  0.02709 0.02716 0.0281  0.02737 0.02854 0.02866 0.02734 0.02699 0.02837
  0.02881 0.02844 0.02838 0.02739 0.02875 0.02908 0.02816 0.0293  0.0281
  0.02861 0.02787 0.02959 0.02811 0.02951 0.02764 0.02904 0.02906 0.02879
  0.02849 0.02833 0.02929 0.02856 0.02885 0.02873 0.02807 0.02784 0.02883
  0.02864 0.02899 0.02958 0.02836 0.02827 0.02943 0.02919 0.02976 0.02938
  0.02832 0.02908 0.02976 0.02871 0.02822 0.02853 0.02789 0.02908 0.02825
  0.02938 0.02917 0.02864 0.02818 0.02929 0.02863 0.02929 0.02901 0.02869
  0.02872 0.02905 0.02964 0.02923 0.02943 0.02949 0.02878 0.02896 0.02881
  0.02922 0.02939 0.03008 0.02933 0.02965 0.02916 0.02899 0.02989 0.03035
  0.0301  0.0289  0.03007 0.03027 0.03023 0.03003 0.02962 0.02935 0.02911
  0.03023 0.03024 0.02943 0.02929 0.02907 0.0306  0.0303  0.03004 0.03009
  0.03053 0.02979 0.02997 0.03102 0.03003 0.03045 0.03123 0.03049 0.03051
  0.03032 0.03143 0.03092 0.02993 0.02905 0.03083 0.03174 0.03051 0.03043
  0.02926 0.03059 0.0311  0.03194 0.03004 0.03111 0.03091 0.03054 0.03176
  0.02977 0.03053 0.03068 0.03007 0.03132 0.02987 0.03062 0.0307  0.03071
  0.03171 0.03157 0.03175 0.03193 0.03195 0.03064 0.03111 0.03064 0.03169
  0.03184 0.03235 0.03188 0.03308 0.0321  0.03214 0.03317 0.03302 0.0322
  0.03314 0.03337 0.03326 0.03292 0.0329  0.03253 0.03373 0.03304 0.03477
  0.03407 0.03426 0.03394 0.03525 0.03402 0.03473 0.03391 0.03523 0.03433
  0.03453 0.03496 0.03336 0.03404 0.03417 0.03477 0.03468 0.03533 0.03522
  0.03509 0.03649 0.03758 0.03588 0.03521 0.0351  0.03702 0.03521 0.03622
  0.0369  0.03681 0.03648 0.0368  0.03753 0.03766 0.03808 0.03802 0.03786
  0.03848 0.03834 0.03818 0.03898 0.03833 0.03967 0.03883 0.03866 0.0382
  0.03944 0.04082 0.04123 0.0402  0.04023 0.03884 0.04056 0.0404  0.04157
  0.04165 0.04267 0.04137 0.04197 0.0421  0.04259 0.04181 0.042   0.04247
  0.04215 0.04407 0.04262 0.04331 0.04296 0.04388 0.04298 0.04408 0.04481
  0.04507 0.04498 0.04459 0.04577 0.04495 0.04689 0.04583 0.04531 0.04607
  0.04555 0.04602 0.0455  0.04802 0.04802 0.04708 0.04786 0.04796 0.0486
  0.04891 0.04958 0.04953 0.04842 0.04869 0.04838 0.04902 0.05141 0.04946
  0.04927 0.04981 0.05066 0.0487  0.05061 0.04939 0.05102 0.05094 0.05221
  0.05204 0.05232 0.05189 0.05209 0.05296 0.0528  0.05291 0.05365 0.05429
  0.05445 0.0533  0.05359 0.05415 0.05462 0.0556  0.05444 0.05573 0.05632
  0.05649 0.05624 0.05709 0.05658 0.05705 0.05906 0.05763 0.05841 0.05779
  0.05831 0.05821 0.05972 0.05882 0.06025 0.05963 0.05995 0.06112 0.06042
  0.06107 0.06258 0.06242 0.0622  0.0626  0.06224 0.06151 0.06307 0.06331
  0.06356 0.06411 0.06432 0.06451 0.06482 0.06489 0.06453 0.06575 0.06688
  0.06597 0.06721 0.06778 0.06698 0.0676  0.0687  0.06901 0.06847 0.06841
  0.06878 0.06873 0.06917 0.07024 0.07101 0.07057 0.06948 0.07139 0.07224
  0.07255 0.07081 0.07235 0.0735  0.07401 0.07316 0.07359 0.07482 0.07323
  0.07478 0.07399 0.07545 0.07675 0.07803 0.0769  0.07676 0.07788 0.07831
  0.0785  0.07703 0.07825 0.07871 0.07914 0.07855 0.08062 0.08139 0.07907
  0.08153 0.08087 0.0807  0.0827  0.08023 0.08305 0.08164 0.08161 0.08226
  0.08349 0.08344 0.08416 0.08493 0.08508 0.08584 0.08507 0.08557 0.08602
  0.08625 0.08722 0.08823 0.0875  0.08849 0.08735 0.08886 0.08871 0.0889
  0.08957 0.08966 0.08982 0.08927 0.09007 0.09026 0.09081 0.09092 0.09098
  0.09213 0.09159 0.09248 0.09285 0.09381 0.09263 0.0945  0.09382 0.09397
  0.09385 0.09562 0.09455 0.0956  0.09551 0.09659 0.09533 0.09673 0.09681
  0.09743 0.096   0.09649 0.09719 0.09716 0.0979  0.09765 0.09847 0.09883
  0.09916 0.09992 0.10065 0.10129 0.1009  0.10094 0.10152 0.10151 0.10235
  0.10238 0.10325 0.10254 0.10161 0.10313 0.10286 0.10382 0.10544 0.10492
  0.10502 0.10509 0.10585 0.10513 0.10608 0.10681 0.10566 0.10684 0.10812
  0.1078  0.10741 0.10817 0.10857 0.10875 0.10881 0.10831 0.11023 0.11034
  0.11015 0.11148 0.11076 0.11184 0.112   0.11246 0.1131  0.1123  0.11406
  0.11519 0.11292 0.11353 0.11481 0.1159  0.11364 0.11474 0.11602 0.11625
  0.11694 0.11798 0.11682 0.11717 0.11669 0.1179  0.11883 0.11966 0.11987
  0.1198  0.11984 0.12142 0.12031 0.12096 0.12086 0.12074 0.12082 0.12193
  0.12194 0.12266 0.12226 0.1221  0.12342 0.12322 0.12448 0.12424 0.12444
  0.12489 0.12653 0.1245  0.12661 0.12618 0.12687 0.12605 0.12743 0.127
  0.12726 0.12805 0.1284  0.12769 0.1279  0.12872 0.12983 0.12905 0.13039
  0.12989 0.12995 0.13083 0.13257 0.1323  0.13192 0.13192 0.13219 0.13269
  0.13284 0.13342 0.13316 0.13367 0.13377 0.13384 0.13322 0.13502 0.13527
  0.13496 0.13555 0.13574 0.13574 0.13676 0.13681 0.13664 0.13629 0.13595
  0.13665 0.13714 0.1364  0.13817 0.13811 0.13664 0.13855 0.1383  0.13795
  0.13671 0.13885 0.13938 0.13872 0.13904 0.13955 0.13921 0.14024 0.13832
  0.14007 0.13958 0.14038 0.13867 0.14074 0.13996 0.14056 0.14071 0.13994
  0.14104 0.14146 0.1413  0.14227 0.14209 0.14073 0.14139 0.14073 0.1407
  0.14161 0.14191 0.14099 0.1408  0.14368 0.14057 0.1412  0.14152 0.14205
  0.14179 0.14043 0.14169 0.14033 0.14091 0.14006 0.14105 0.13978 0.14082
  0.14095 0.13943 0.14068 0.14067 0.14162 0.13898 0.14089 0.14039 0.14028
  0.13904 0.13851 0.13908 0.14031 0.14087 0.13972 0.13895 0.13876 0.13973
  0.13979 0.13991 0.1383  0.13827 0.13871 0.13927 0.13808 0.13706 0.13849
  0.13786 0.13824 0.13727 0.13734 0.1371  0.13725 0.13664 0.13617 0.13728
  0.13738 0.13696 0.13714 0.13611 0.13601 0.13722 0.13595 0.13662 0.13615
  0.13697 0.13711 0.13723 0.13583 0.13636 0.13622 0.13681 0.13623 0.13682
  0.13517 0.13559]
 [0.02828 0.02652 0.0261  0.02546 0.0256  0.02428 0.02495 0.02442 0.02468
  0.02435 0.02368 0.02416 0.02457 0.02363 0.02401 0.02411 0.02516 0.02422
  0.02398 0.0241  0.02453 0.02453 0.02545 0.02446 0.02378 0.02466 0.02478
  0.02511 0.02544 0.02399 0.02536 0.0242  0.02471 0.02474 0.02553 0.02454
  0.02558 0.02436 0.02444 0.02536 0.02479 0.0238  0.02395 0.02535 0.02437
  0.02424 0.02441 0.0241  0.02426 0.02278 0.02442 0.02402 0.02433 0.024
  0.02367 0.02389 0.02369 0.02435 0.024   0.02283 0.02331 0.02341 0.02287
  0.02371 0.02285 0.02364 0.02422 0.02364 0.02469 0.02472 0.02498 0.02534
  0.02529 0.0249  0.02638 0.02512 0.02727 0.02763 0.0272  0.02795 0.02738
  0.02842 0.02862 0.03121 0.02928 0.03147 0.02978 0.0301  0.0312  0.03257
  0.03276 0.03226 0.03271 0.03464 0.03445 0.03528 0.03597 0.03624 0.03686
  0.03668 0.03662 0.03723 0.03811 0.03863 0.03888 0.03844 0.0395  0.03921
  0.03985 0.04005 0.04082 0.03962 0.04033 0.04033 0.04057 0.04014 0.04033
  0.0401  0.03964 0.03937 0.03936 0.03967 0.03895 0.03936 0.03816 0.03787
  0.0381  0.03831 0.0376  0.03614 0.03663 0.03659 0.03605 0.03608 0.03402
  0.0353  0.03374 0.03439 0.03268 0.03329 0.03144 0.03174 0.03123 0.03157
  0.031   0.03106 0.03078 0.02934 0.0285  0.02916 0.02919 0.02875 0.0279
  0.02784 0.02801 0.02788 0.02697 0.0264  0.02662 0.02631 0.02621 0.026
  0.02627 0.02677 0.02615 0.02564 0.02531 0.02566 0.02578 0.02542 0.0254
  0.02491 0.02571 0.02489 0.02527 0.02583 0.0248  0.02525 0.02473 0.02426
  0.02434 0.0242  0.02445 0.02422 0.02414 0.02474 0.02385 0.02402 0.02456
  0.02431 0.02545 0.02583 0.0252  0.02541 0.02545 0.02442 0.02565 0.02451
  0.02599 0.02582 0.02584 0.02542 0.02552 0.02521 0.02651 0.02537 0.02605
  0.0258  0.02547 0.02548 0.0257  0.02668 0.02575 0.02535 0.02664 0.02561
  0.0256  0.02575 0.02591 0.02651 0.02654 0.02637 0.02732 0.02523 0.02542
  0.02638 0.02626 0.02549 0.02601 0.02532 0.02681 0.02545 0.02601 0.02551
  0.02591 0.02638 0.02482 0.02639 0.02534 0.02599 0.02558 0.02537 0.02622
  0.0267  0.02602 0.02582 0.02593 0.02672 0.02609 0.02585 0.02609 0.02676
  0.02657 0.02685 0.02607 0.02655 0.026   0.02669 0.02705 0.02645 0.02608
  0.02694 0.0276  0.02595 0.02589 0.02613 0.0261  0.02621 0.026   0.02574
  0.0266  0.02659 0.02719 0.02636 0.02654 0.0272  0.02635 0.02645 0.02602
  0.0258  0.02663 0.02583 0.02649 0.02707 0.02712 0.02648 0.02732 0.02619
  0.02644 0.0265  0.02657 0.02669 0.02659 0.02723 0.02716 0.02687 0.0266
  0.02653 0.02771 0.02794 0.02798 0.02667 0.0278  0.02773 0.02651 0.02757
  0.02756 0.02796 0.02741 0.02733 0.0275  0.02812 0.02849 0.02837 0.02696
  0.02726 0.02672 0.02819 0.02777 0.02754 0.02806 0.02705 0.0284  0.02819
  0.02925 0.02815 0.02942 0.02765 0.02794 0.0284  0.02894 0.02878 0.02915
  0.02837 0.02708 0.02968 0.02876 0.02848 0.0288  0.02863 0.02998 0.02968
  0.02935 0.02917 0.02835 0.0288  0.02917 0.02955 0.02934 0.02824 0.02978
  0.02882 0.02958 0.02993 0.03029 0.02979 0.03043 0.029   0.02967 0.02968
  0.02925 0.03107 0.03101 0.03115 0.03041 0.0311  0.0303  0.03212 0.03192
  0.03224 0.03171 0.03149 0.03181 0.03087 0.03214 0.0312  0.03209 0.03258
  0.03243 0.03234 0.03235 0.0318  0.03223 0.03293 0.03327 0.03367 0.03343
  0.03362 0.03322 0.03353 0.0335  0.03478 0.034   0.03433 0.03404 0.03457
  0.03477 0.03495 0.03536 0.03511 0.03506 0.03556 0.03576 0.03569 0.03498
  0.03516 0.03623 0.03635 0.03572 0.03614 0.03671 0.03567 0.03752 0.03722
  0.03806 0.03754 0.03771 0.03753 0.03809 0.03774 0.03852 0.03754 0.03818
  0.03685 0.03827 0.03909 0.03898 0.03925 0.03858 0.03924 0.03937 0.03929
  0.04013 0.03982 0.03982 0.03945 0.04048 0.04014 0.04073 0.04036 0.04302
  0.04137 0.0421  0.04063 0.04174 0.04189 0.04208 0.04185 0.04174 0.04284
  0.04243 0.04184 0.0429  0.04232 0.04343 0.04278 0.04345 0.04306 0.04374
  0.04377 0.0444  0.04412 0.04521 0.0451  0.04539 0.04558 0.04586 0.04653
  0.04635 0.04551 0.04688 0.0467  0.04569 0.04812 0.04747 0.04735 0.04847
  0.04844 0.04876 0.04893 0.04866 0.05054 0.04941 0.04945 0.05007 0.04972
  0.04981 0.0506  0.05023 0.0516  0.0501  0.05135 0.05083 0.05123 0.05068
  0.05139 0.05103 0.05181 0.05196 0.05212 0.05254 0.05194 0.05189 0.05264
  0.05227 0.05309 0.05305 0.05336 0.05393 0.05456 0.05357 0.05364 0.05356
  0.05448 0.05359 0.05431 0.05502 0.0536  0.05477 0.05434 0.05469 0.05421
  0.0545  0.05339 0.05534 0.05513 0.05494 0.05563 0.05505 0.0561  0.0555
  0.0556  0.05563 0.05564 0.05552 0.05696 0.05743 0.0559  0.05534 0.05817
  0.05674 0.05765 0.05725 0.05699 0.05848 0.05746 0.05699 0.05771 0.05828
  0.05747 0.05855 0.0586  0.05993 0.05847 0.05911 0.05969 0.05841 0.05813
  0.05978 0.05979 0.06028 0.06034 0.06017 0.0602  0.06136 0.06111 0.0616
  0.06178 0.06181 0.06272 0.06155 0.06361 0.06104 0.06242 0.0635  0.06335
  0.06412 0.06358 0.06374 0.06495 0.06445 0.06429 0.06467 0.0662  0.06501
  0.06573 0.06555 0.06559 0.06646 0.06672 0.06599 0.06681 0.06745 0.06707
  0.06794 0.06809 0.06777 0.06806 0.0684  0.06989 0.06951 0.0702  0.07041
  0.07035 0.07045 0.07101 0.07196 0.07109 0.07148 0.07236 0.07264 0.07278
  0.07253 0.07392 0.07393 0.07412 0.07311 0.07445 0.07401 0.07478 0.07395
  0.07545 0.07606 0.07685 0.07625 0.07612 0.07744 0.07731 0.07774 0.07803
  0.07741 0.07905 0.07881 0.07911 0.08022 0.07981 0.08028 0.07975 0.08141
  0.08117 0.08088 0.08177 0.08187 0.08304 0.08291 0.08342 0.08398 0.0838
  0.08326 0.08492 0.08506 0.08517 0.08473 0.08597 0.08505 0.08504 0.08685
  0.08663 0.08729 0.08804 0.08826 0.08804 0.08854 0.08851 0.08811 0.08952
  0.0909  0.09035 0.09054 0.09173 0.09097 0.09248 0.09203 0.09251 0.09159
  0.09275 0.09363 0.09476 0.09453 0.09494 0.09511 0.09451 0.09612 0.09584
  0.09656 0.09678 0.09751 0.098   0.09794 0.09745 0.10002 0.10027 0.0997
  0.09978 0.1008  0.10201 0.10114 0.10181 0.10066 0.1025  0.10338 0.10458
  0.1031  0.10465 0.10383 0.10464 0.10531 0.10664 0.10512 0.10621 0.10657
  0.10736 0.10741 0.10776 0.10844 0.10961 0.10984 0.11082 0.11147 0.11073
  0.11317 0.1105  0.11185 0.11364 0.11265 0.11391 0.11441 0.11367 0.11456
  0.1144  0.11473 0.11636 0.11679 0.11651 0.11883 0.11865 0.11827 0.11885
  0.11873 0.12065 0.12036 0.12117 0.12192 0.12187 0.12216 0.1227  0.12254
  0.12354 0.12407 0.12429 0.12331 0.12587 0.1249  0.12674 0.1265  0.12616
  0.1272  0.12821 0.12836 0.12973 0.12864 0.1291  0.12962 0.13067 0.12969
  0.13145 0.13074 0.13152 0.13134 0.13385 0.13281 0.13322 0.1341  0.13413
  0.13444 0.13498 0.13573 0.13555 0.13538 0.13643 0.13659 0.1371  0.13706
  0.1389  0.13912 0.13771 0.13831 0.13948 0.13933 0.14068 0.14126 0.14092
  0.14163 0.14192 0.14195 0.14293 0.14369 0.1442  0.14364 0.14247 0.14476
  0.14492 0.14547 0.14583 0.14754 0.14693 0.14824 0.14788 0.14824 0.14871
  0.1489  0.15043 0.14999 0.15038 0.1504  0.15131 0.15113 0.15078 0.15214
  0.15188 0.15358 0.15358 0.15261 0.15401 0.15344 0.15487 0.15548 0.15618
  0.15674 0.15689 0.15733 0.15757 0.15759 0.15816 0.15723 0.15933 0.15963
  0.16036 0.15982 0.16129 0.16094 0.16146 0.16248 0.162   0.16188 0.16282
  0.16353 0.16471 0.16552 0.16564 0.1648  0.16548 0.16716 0.16619 0.16655
  0.16679 0.16683 0.16725 0.16887 0.16745 0.17028 0.16916 0.16962 0.17035
  0.17062 0.17107 0.17161 0.17218 0.17319 0.17447 0.17314 0.17353 0.17329
  0.17409 0.17513 0.17546 0.17675 0.17615 0.17731 0.17796 0.17774 0.17713
  0.17784 0.17836 0.17909 0.1804  0.17999 0.18053 0.18028 0.18113 0.18242
  0.18192 0.18164 0.18198 0.18359 0.18412 0.18386 0.18484 0.18485 0.18575
  0.18517 0.18577 0.18545 0.18742 0.18665 0.18704 0.18802 0.18747 0.18832
  0.18817 0.1901  0.18889 0.19038 0.18972 0.18934 0.19023 0.19111 0.19163
  0.19134 0.19304 0.19189 0.1929  0.19257 0.19326 0.19372 0.19386 0.19523
  0.1949  0.19468 0.19456 0.19539 0.1965  0.19572 0.19545 0.19586 0.1963
  0.19589 0.19682 0.19699 0.19768 0.19798 0.1966  0.19759 0.19857 0.19789
  0.19863 0.19845 0.19878 0.19827 0.19868 0.19902 0.19897 0.19882 0.20031
  0.19983 0.19965 0.19932 0.20043 0.20071 0.19953 0.20051 0.19969 0.19883
  0.20053 0.20004 0.20053 0.20021 0.20076 0.19996 0.20053 0.20073 0.20136
  0.20075 0.20132 0.20139 0.20092 0.2004  0.20186 0.20069 0.20185 0.20107
  0.20187 0.20151 0.20136 0.20156 0.20252 0.20324 0.20151 0.20128 0.2029
  0.20229 0.2025  0.20388 0.20296 0.20335 0.20258 0.20425 0.20368 0.20459
  0.20336 0.20438]
 [0.02745 0.02718 0.0267  0.02591 0.02545 0.02565 0.0238  0.02377 0.02494
  0.02394 0.02312 0.02386 0.02444 0.02373 0.02425 0.02343 0.02466 0.0246
  0.02415 0.02422 0.02459 0.0248  0.02571 0.0254  0.02623 0.02533 0.02685
  0.02698 0.02676 0.02748 0.02662 0.02771 0.02811 0.02763 0.02783 0.02772
  0.02909 0.02839 0.02794 0.02868 0.02939 0.02966 0.029   0.02899 0.02912
  0.02798 0.02874 0.02723 0.02688 0.02766 0.02763 0.02693 0.02731 0.02619
  0.02673 0.0259  0.02669 0.02568 0.02532 0.02509 0.02535 0.02477 0.02421
  0.02295 0.0238  0.02389 0.02315 0.02295 0.02467 0.0229  0.02248 0.02297
  0.02277 0.02259 0.02351 0.02232 0.02241 0.02223 0.02307 0.02334 0.02316
  0.02376 0.02412 0.0243  0.02367 0.02536 0.02482 0.02598 0.02557 0.02671
  0.02755 0.02683 0.02688 0.02696 0.02859 0.02985 0.0294  0.02996 0.03
  0.03115 0.03095 0.0312  0.03153 0.03242 0.0329  0.03305 0.03437 0.03401
  0.03392 0.03422 0.03505 0.03532 0.0351  0.0349  0.03515 0.03575 0.03556
  0.03576 0.0349  0.03585 0.03546 0.03523 0.03529 0.03417 0.03463 0.03396
  0.0346  0.0341  0.03249 0.03362 0.03257 0.03179 0.03225 0.03194 0.03052
  0.03104 0.03059 0.02969 0.02856 0.02907 0.0272  0.02811 0.02878 0.02762
  0.02672 0.02663 0.02655 0.02677 0.02569 0.0262  0.02552 0.02526 0.02551
  0.02457 0.02431 0.0251  0.02461 0.02554 0.02605 0.02527 0.02454 0.0241
  0.02507 0.0249  0.0258  0.02521 0.02562 0.02547 0.02612 0.02672 0.02593
  0.02693 0.02824 0.02639 0.0273  0.02751 0.02762 0.02821 0.02724 0.02722
  0.02919 0.02798 0.02867 0.0291  0.02821 0.02922 0.028   0.03054 0.02924
  0.02881 0.02914 0.02982 0.03024 0.02947 0.03022 0.03092 0.02926 0.03019
  0.03025 0.03068 0.03033 0.03004 0.03033 0.03089 0.03107 0.03164 0.03075
  0.03249 0.03095 0.0307  0.03188 0.03205 0.03265 0.03168 0.03185 0.03307
  0.0317  0.03265 0.03121 0.03256 0.03237 0.0331  0.03263 0.03367 0.03347
  0.0331  0.03272 0.03287 0.03241 0.03331 0.03398 0.0329  0.03316 0.03346
  0.03352 0.03375 0.03243 0.03384 0.03375 0.03436 0.03411 0.03274 0.03404
  0.03314 0.03326 0.03335 0.03356 0.03402 0.03383 0.03524 0.03403 0.03516
  0.03449 0.0355  0.0351  0.0359  0.0353  0.03509 0.03594 0.03666 0.03642
  0.03687 0.03574 0.03702 0.03711 0.03753 0.03743 0.03737 0.03703 0.03793
  0.03819 0.03831 0.03766 0.039   0.03804 0.03817 0.03934 0.03724 0.0385
  0.03864 0.03837 0.03811 0.03746 0.03721 0.03843 0.03762 0.03798 0.0365
  0.03689 0.03653 0.037   0.03707 0.03634 0.03643 0.0359  0.03476 0.03433
  0.03502 0.03497 0.03521 0.03503 0.03497 0.03399 0.0355  0.03353 0.03309
  0.03303 0.03299 0.03236 0.03239 0.03333 0.03225 0.03196 0.03213 0.03202
  0.03216 0.03287 0.03193 0.03277 0.03268 0.03321 0.03213 0.03181 0.03279
  0.03312 0.03186 0.0328  0.03378 0.03286 0.03209 0.03223 0.03366 0.03393
  0.03333 0.03333 0.03412 0.03433 0.03362 0.03295 0.03423 0.03333 0.0335
  0.03394 0.0337  0.03356 0.03414 0.03348 0.03487 0.03348 0.03258 0.0349
  0.03441 0.03376 0.03286 0.03427 0.03374 0.03473 0.03382 0.03353 0.03336
  0.03378 0.03485 0.03366 0.03375 0.03331 0.03422 0.03372 0.03462 0.0338
  0.03345 0.03302 0.03294 0.03227 0.03334 0.0332  0.03272 0.03205 0.03295
  0.03295 0.0315  0.03179 0.03296 0.03251 0.03325 0.03336 0.03291 0.03328
  0.0322  0.03246 0.033   0.03326 0.03398 0.032   0.0337  0.03408 0.0332
  0.03424 0.03413 0.03363 0.03462 0.03403 0.03504 0.03348 0.03365 0.03447
  0.03441 0.03448 0.03395 0.03409 0.0338  0.03479 0.03351 0.03458 0.03427
  0.03476 0.0352  0.03463 0.03475 0.03361 0.03425 0.03494 0.03399 0.03448
  0.03494 0.03517 0.03409 0.03512 0.03526 0.03566 0.03442 0.03499 0.034
  0.0348  0.03507 0.03489 0.03466 0.03386 0.03528 0.03476 0.03495 0.03449
  0.03541 0.03472 0.03364 0.03393 0.03348 0.03545 0.03467 0.03513 0.03407
  0.03466 0.0347  0.03608 0.0346  0.03572 0.03416 0.03413 0.03486 0.03472
  0.03459 0.035   0.03601 0.03575 0.03487 0.03463 0.03531 0.0359  0.03531
  0.03569 0.03625 0.03714 0.03662 0.03562 0.03669 0.03566 0.03743 0.03676
  0.0382  0.03737 0.03767 0.03686 0.03749 0.0378  0.03764 0.03714 0.03784
  0.038   0.03831 0.03847 0.0379  0.03791 0.03825 0.03918 0.03949 0.03923
  0.03886 0.03962 0.03892 0.03907 0.04028 0.03849 0.03913 0.03985 0.03919
  0.03967 0.03946 0.04036 0.03904 0.03978 0.03977 0.03964 0.04101 0.03955
  0.03926 0.0413  0.04083 0.0401  0.04072 0.04083 0.04019 0.04044 0.04188
  0.04035 0.04141 0.04041 0.04149 0.04182 0.04083 0.04192 0.04155 0.04342
  0.04187 0.04189 0.04121 0.04177 0.0416  0.04243 0.0421  0.04229 0.04292
  0.04347 0.0432  0.04358 0.04427 0.04424 0.04488 0.04312 0.04412 0.0442
  0.04428 0.04388 0.04311 0.04457 0.0444  0.04461 0.04384 0.04397 0.04514
  0.04407 0.04466 0.04541 0.04581 0.04596 0.0464  0.04659 0.04679 0.04654
  0.04632 0.04706 0.0472  0.04682 0.04757 0.04759 0.0468  0.04864 0.04813
  0.04764 0.04847 0.04833 0.04814 0.04895 0.04903 0.04918 0.0497  0.04964
  0.05119 0.04999 0.04952 0.05114 0.04984 0.04971 0.05058 0.04987 0.04961
  0.04949 0.05139 0.05103 0.04988 0.05219 0.05123 0.05147 0.0525  0.05141
  0.0525  0.05254 0.05253 0.05252 0.05258 0.05213 0.05187 0.05184 0.05319
  0.05279 0.05324 0.05344 0.05371 0.05323 0.05399 0.05399 0.05345 0.05425
  0.0544  0.0543  0.05476 0.05658 0.05619 0.05581 0.05673 0.0565  0.05548
  0.0568  0.05565 0.05739 0.05641 0.0575  0.05719 0.05831 0.05839 0.05871
  0.05861 0.05773 0.06009 0.05993 0.0594  0.05929 0.06038 0.05947 0.06015
  0.05963 0.06156 0.06096 0.06065 0.06071 0.06135 0.06212 0.06205 0.06212
  0.06233 0.06246 0.06396 0.06344 0.06447 0.06393 0.06441 0.06375 0.06479
  0.06423 0.06491 0.06483 0.06516 0.06491 0.06522 0.06649 0.06573 0.06642
  0.06675 0.06799 0.06723 0.06723 0.06799 0.0673  0.0679  0.06834 0.06748
  0.0682  0.06924 0.0691  0.06907 0.06936 0.06996 0.0694  0.06899 0.06932
  0.07013 0.06987 0.07104 0.07149 0.07178 0.07122 0.07339 0.07194 0.0724
  0.07212 0.07279 0.0726  0.07313 0.07357 0.07388 0.07211 0.07484 0.0746
  0.07413 0.07445 0.07416 0.07496 0.07476 0.07461 0.07578 0.07583 0.07661
  0.07768 0.07736 0.0781  0.07695 0.07743 0.07755 0.07876 0.07829 0.07904
  0.07962 0.07868 0.07923 0.08043 0.0797  0.08135 0.0807  0.07998 0.08069
  0.08054 0.08141 0.08201 0.0813  0.08217 0.0819  0.08426 0.08219 0.08258
  0.08293 0.08349 0.08385 0.08463 0.08477 0.08514 0.08504 0.0864  0.08544
  0.08589 0.0863  0.08549 0.08606 0.0861  0.08689 0.08657 0.08763 0.08684
  0.08813 0.08785 0.0886  0.08783 0.08896 0.08827 0.08738 0.08863 0.08809
  0.08865 0.09072 0.09027 0.08957 0.08967 0.09041 0.09085 0.09087 0.09032
  0.09132 0.09276 0.09144 0.09069 0.09193 0.0923  0.09177 0.09278 0.09295
  0.09357 0.09392 0.09373 0.09391 0.09384 0.09466 0.09519 0.0943  0.09588
  0.095   0.09462 0.0957  0.09621 0.09549 0.0957  0.09609 0.09636 0.09771
  0.09691 0.09749 0.09709 0.0972  0.09782 0.09833 0.09778 0.09919 0.09925
  0.09936 0.09897 0.09934 0.09911 0.09988 0.10102 0.10064 0.10151 0.10029
  0.10168 0.10104 0.10198 0.1018  0.10166 0.10256 0.10317 0.10184 0.1018
  0.10234 0.10451 0.10386 0.10429 0.10501 0.10502 0.10438 0.10616 0.10516
  0.10428 0.10533 0.10536 0.10567 0.10633 0.10638 0.10716 0.10732 0.10704
  0.10813 0.10858 0.10774 0.10858 0.10828 0.10818 0.10956 0.10797 0.10967
  0.11039 0.10963 0.10891 0.10913 0.1099  0.11116 0.11113 0.11157 0.11088
  0.111   0.11036 0.11121 0.11276 0.11178 0.11224 0.11218 0.11287 0.11267
  0.1119  0.11263 0.11421 0.11322 0.11314 0.11312 0.11455 0.11479 0.11462
  0.11457 0.11577 0.1149  0.11541 0.1152  0.11489 0.11626 0.11546 0.11515
  0.11644 0.11523 0.11712 0.11697 0.11736 0.11607 0.11716 0.11711 0.11787
  0.11611 0.11825 0.11716 0.11757 0.11789 0.11732 0.11854 0.11752 0.11857
  0.11849 0.117   0.11985 0.11814 0.11918 0.11806 0.11824 0.11807 0.1189
  0.11868 0.11706 0.11839 0.11834 0.11839 0.1177  0.1171  0.11908 0.11659
  0.11847 0.11893 0.11837 0.11882 0.11909 0.11699 0.11844 0.11719 0.11734
  0.11763 0.11741 0.11653 0.11808 0.11627 0.11659 0.11631 0.11682 0.11562
  0.11704 0.11712 0.11742 0.11756 0.11598 0.11522 0.11692 0.11693 0.11526
  0.11564 0.11671 0.11583 0.11621 0.11645 0.11566 0.11629 0.11609 0.11605
  0.11526 0.11475 0.11573 0.11484 0.11629 0.1159  0.11614 0.11487 0.11583
  0.11584 0.11739 0.11708 0.11563 0.11616 0.11652 0.11574 0.11721 0.11772
  0.11632 0.11666 0.11699 0.1165  0.11744 0.11851 0.11877 0.11979 0.11913
  0.11907 0.11975]
 [0.02697 0.02688 0.0255  0.02508 0.02489 0.02365 0.02365 0.02411 0.02329
  0.02336 0.0234  0.02397 0.02372 0.02466 0.02385 0.02322 0.02453 0.02423
  0.02422 0.02465 0.02422 0.02477 0.0248  0.02503 0.02513 0.02466 0.02463
  0.02416 0.02564 0.02525 0.02439 0.0255  0.02538 0.02593 0.02559 0.02605
  0.02641 0.02629 0.0254  0.02569 0.02572 0.02551 0.02569 0.02657 0.02585
  0.02582 0.02519 0.02616 0.02508 0.02529 0.02653 0.02543 0.02425 0.02533
  0.02459 0.02519 0.02367 0.02509 0.02496 0.02488 0.02432 0.02411 0.02467
  0.02364 0.02498 0.02489 0.0239  0.02373 0.02355 0.02431 0.02475 0.02421
  0.02451 0.0249  0.026   0.02473 0.026   0.02461 0.02622 0.02513 0.02766
  0.02734 0.02732 0.02747 0.02795 0.02929 0.02887 0.02895 0.02889 0.02926
  0.03175 0.03071 0.03135 0.03205 0.03301 0.0328  0.03345 0.03288 0.03309
  0.0347  0.03495 0.03459 0.03658 0.03618 0.03592 0.03624 0.03616 0.03611
  0.03666 0.0379  0.03632 0.03826 0.03725 0.03662 0.03717 0.03713 0.03741
  0.03696 0.03671 0.0371  0.03644 0.03711 0.0358  0.03597 0.03471 0.03619
  0.0337  0.03519 0.03418 0.0339  0.03335 0.03313 0.0336  0.03311 0.0318
  0.03156 0.03225 0.03143 0.03123 0.03113 0.03091 0.03046 0.03046 0.03021
  0.02872 0.02993 0.02936 0.02933 0.02786 0.02842 0.02862 0.0274  0.02735
  0.0274  0.02705 0.02689 0.02654 0.02719 0.02746 0.0265  0.02637 0.02644
  0.0267  0.02667 0.02603 0.02586 0.02703 0.02616 0.02581 0.02513 0.02588
  0.02595 0.02573 0.02532 0.02517 0.0259  0.02561 0.02473 0.02503 0.02525
  0.02587 0.02625 0.02571 0.02599 0.02549 0.02577 0.02598 0.02599 0.02721
  0.02473 0.02629 0.02598 0.02634 0.02618 0.02629 0.02673 0.02776 0.02792
  0.02756 0.02831 0.02708 0.02724 0.02727 0.02721 0.02876 0.02744 0.02785
  0.02819 0.02861 0.0279  0.02806 0.02852 0.02869 0.02867 0.02854 0.02833
  0.02786 0.02854 0.02917 0.02818 0.02825 0.02751 0.02836 0.02794 0.02793
  0.02802 0.0282  0.02929 0.02805 0.02846 0.02874 0.02827 0.02956 0.02959
  0.02865 0.02832 0.02894 0.02709 0.02834 0.0295  0.02993 0.02873 0.02808
  0.0292  0.02935 0.02941 0.0283  0.02878 0.02867 0.02827 0.02886 0.02882
  0.02793 0.02798 0.02884 0.02819 0.02775 0.0274  0.02902 0.02854 0.0276
  0.02887 0.02942 0.02799 0.02844 0.02942 0.02741 0.02898 0.02744 0.02821
  0.02818 0.0286  0.02759 0.02832 0.02836 0.02866 0.02871 0.0281  0.02933
  0.02913 0.02782 0.02808 0.02799 0.02918 0.02882 0.02947 0.02933 0.0296
  0.02949 0.02929 0.03032 0.03005 0.02975 0.02875 0.02868 0.0296  0.02985
  0.02999 0.02973 0.03003 0.03014 0.02941 0.0308  0.0304  0.03125 0.03045
  0.03026 0.0308  0.03043 0.03034 0.03057 0.03126 0.03141 0.03122 0.03043
  0.03233 0.03146 0.03244 0.03113 0.03102 0.03204 0.03098 0.03246 0.03306
  0.03288 0.03176 0.03241 0.0329  0.03302 0.03232 0.03319 0.03353 0.03336
  0.03313 0.0338  0.03262 0.03424 0.03363 0.03367 0.03437 0.03394 0.03526
  0.03423 0.03486 0.03541 0.03588 0.03585 0.03399 0.03589 0.03475 0.03567
  0.0348  0.03585 0.03566 0.03619 0.03556 0.036   0.03581 0.03669 0.03617
  0.03675 0.03574 0.03763 0.03652 0.0361  0.03675 0.03684 0.03707 0.03646
  0.03674 0.03746 0.03696 0.03708 0.03809 0.038   0.03732 0.03946 0.03867
  0.03864 0.0364  0.03985 0.0397  0.03804 0.03952 0.04072 0.03971 0.0397
  0.04013 0.04068 0.04193 0.04005 0.041   0.04001 0.04162 0.04017 0.04054
  0.04107 0.04166 0.04223 0.04126 0.04122 0.04212 0.0427  0.04154 0.04268
  0.04279 0.04229 0.04429 0.04389 0.04257 0.04405 0.04415 0.04412 0.0448
  0.04427 0.04518 0.04427 0.0447  0.04523 0.0453  0.04489 0.04487 0.04634
  0.04622 0.04392 0.04579 0.04589 0.04603 0.04675 0.04747 0.04649 0.04719
  0.04739 0.04689 0.04753 0.04704 0.04763 0.04773 0.04764 0.04769 0.04781
  0.04817 0.04798 0.04996 0.04904 0.04846 0.04966 0.04916 0.05004 0.05009
  0.04979 0.05004 0.04999 0.05154 0.0499  0.05133 0.05036 0.05018 0.05242
  0.05317 0.05259 0.05228 0.05292 0.05331 0.05344 0.05372 0.05357 0.05484
  0.05409 0.05498 0.05637 0.05545 0.05519 0.05597 0.05636 0.05674 0.05717
  0.057   0.05757 0.0569  0.05855 0.05821 0.05792 0.05844 0.05715 0.05959
  0.05824 0.05928 0.05961 0.05913 0.06016 0.06084 0.06066 0.06045 0.06162
  0.06046 0.06153 0.06076 0.0619  0.06191 0.06269 0.0623  0.06239 0.06337
  0.0633  0.06412 0.06354 0.06453 0.06424 0.06408 0.0642  0.06453 0.06592
  0.06561 0.06596 0.06509 0.06476 0.06593 0.06695 0.0668  0.06734 0.06614
  0.06652 0.06664 0.06762 0.06815 0.06746 0.06751 0.06792 0.0681  0.06763
  0.06874 0.06858 0.06875 0.06889 0.06841 0.06988 0.06982 0.06927 0.06935
  0.0695  0.0701  0.07102 0.07039 0.07084 0.06989 0.07157 0.07128 0.07142
  0.07021 0.07156 0.07167 0.07178 0.07277 0.07145 0.07202 0.07401 0.07265
  0.07315 0.07435 0.07345 0.07413 0.07449 0.07526 0.07475 0.07456 0.07495
  0.07539 0.07571 0.07581 0.07465 0.07634 0.07666 0.07701 0.07663 0.07818
  0.07752 0.07884 0.07877 0.0784  0.07862 0.07851 0.07903 0.07993 0.07972
  0.07926 0.07918 0.08095 0.08009 0.08142 0.08107 0.08134 0.08157 0.08219
  0.08265 0.08338 0.08275 0.08375 0.08417 0.08357 0.08396 0.08463 0.08481
  0.08584 0.08518 0.08567 0.08684 0.08662 0.08651 0.08674 0.08681 0.08745
  0.088   0.08825 0.08867 0.08897 0.08927 0.09042 0.08978 0.08989 0.09064
  0.09107 0.09097 0.0913  0.0925  0.09375 0.09377 0.0916  0.09371 0.09365
  0.09432 0.09369 0.09313 0.09494 0.09518 0.09496 0.0953  0.09523 0.09644
  0.09693 0.09759 0.09667 0.09745 0.09738 0.09816 0.09812 0.09913 0.09996
  0.10084 0.09948 0.09937 0.10013 0.10149 0.10197 0.10206 0.10161 0.10167
  0.10249 0.10253 0.10364 0.10338 0.10434 0.10519 0.10453 0.10469 0.10477
  0.10573 0.10652 0.10572 0.10655 0.10616 0.10674 0.10754 0.10772 0.10911
  0.10745 0.10868 0.10899 0.10969 0.10929 0.11043 0.11061 0.11089 0.11177
  0.1117  0.11216 0.11256 0.11421 0.1125  0.1142  0.11402 0.11327 0.11493
  0.1165  0.11582 0.11504 0.11685 0.11652 0.11749 0.11807 0.11906 0.11711
  0.11916 0.11974 0.119   0.11947 0.12025 0.12032 0.12018 0.12196 0.12315
  0.12163 0.12294 0.12293 0.12447 0.12456 0.12416 0.12489 0.12499 0.12613
  0.12632 0.12663 0.12714 0.12807 0.12932 0.12937 0.12933 0.12936 0.1296
  0.13101 0.13133 0.13196 0.13216 0.13233 0.13402 0.13407 0.13364 0.13462
  0.13304 0.13598 0.13481 0.13685 0.13668 0.13787 0.13695 0.13719 0.13791
  0.13899 0.13866 0.14086 0.14081 0.14021 0.14082 0.14097 0.1432  0.14319
  0.14258 0.14417 0.14233 0.14599 0.14512 0.14556 0.14519 0.14616 0.14719
  0.14726 0.14779 0.14813 0.14793 0.14782 0.14891 0.14869 0.14969 0.15062
  0.15114 0.14914 0.1506  0.15202 0.15095 0.15248 0.15412 0.15491 0.15413
  0.15476 0.15494 0.15529 0.15606 0.15578 0.15628 0.15693 0.1577  0.15728
  0.1584  0.15861 0.15972 0.16014 0.15995 0.16026 0.16029 0.16085 0.16077
  0.16099 0.16246 0.16305 0.16293 0.16452 0.16417 0.16509 0.1662  0.1661
  0.16533 0.1667  0.16583 0.1675  0.16754 0.1671  0.16756 0.16834 0.16859
  0.16937 0.16992 0.17081 0.17113 0.17148 0.17209 0.17291 0.17292 0.17321
  0.1736  0.17313 0.17432 0.17374 0.17376 0.17536 0.17571 0.17597 0.17618
  0.17762 0.17717 0.17747 0.17851 0.17804 0.17819 0.17918 0.17863 0.18018
  0.18126 0.18086 0.18163 0.18186 0.18244 0.18146 0.1839  0.18372 0.18343
  0.185   0.18432 0.18519 0.18536 0.18553 0.18656 0.18648 0.18883 0.18709
  0.18785 0.18697 0.18939 0.18826 0.18927 0.18997 0.19045 0.19093 0.19069
  0.19176 0.19227 0.19356 0.19217 0.1938  0.19336 0.19412 0.19504 0.19406
  0.19607 0.19595 0.19689 0.19626 0.19643 0.19785 0.19737 0.19945 0.19842
  0.19909 0.1995  0.20018 0.2002  0.20125 0.20002 0.20114 0.20216 0.20231
  0.20312 0.20266 0.20401 0.205   0.20407 0.20493 0.20436 0.20482 0.20553
  0.20648 0.20697 0.20714 0.20754 0.20748 0.20768 0.20838 0.20807 0.20979
  0.20953 0.20913 0.21038 0.21022 0.21055 0.21062 0.21117 0.21108 0.21198
  0.21103 0.21193 0.21283 0.21198 0.2136  0.21434 0.21478 0.21427 0.21402
  0.21457 0.21549 0.21464 0.21443 0.21671 0.21595 0.21626 0.21552 0.21616
  0.21645 0.21658 0.21681 0.21552 0.21737 0.21741 0.21644 0.21755 0.21693
  0.21716 0.2173  0.21771 0.21724 0.21809 0.21863 0.21802 0.2188  0.21832
  0.21824 0.21872 0.21962 0.21835 0.21888 0.21854 0.21898 0.21854 0.22012
  0.2194  0.21918 0.21891 0.21953 0.21952 0.21988 0.22001 0.21944 0.21931
  0.21973 0.21872 0.22088 0.21964 0.2201  0.21934 0.22075 0.2204  0.22026
  0.2211  0.21996 0.22053 0.22052 0.22032 0.2211  0.22027 0.22174 0.22173
  0.22109 0.22099]]
Mean: 0.08878, Std Dev: 0.08182
