[[0.02251 0.02262 0.02356 0.02355 0.02335 0.02276 0.02285 0.02305 0.02325
  0.02207 0.02342 0.02289 0.02331 0.02321 0.02263 0.02362 0.02305 0.02296
  0.02275 0.02292 0.02328 0.02266 0.02229 0.02254 0.02215 0.02287 0.02316
  0.02273 0.02308 0.02413 0.02288 0.02301 0.02161 0.0233  0.02321 0.02342
  0.0226  0.02378 0.02341 0.02373 0.02324 0.02365 0.02346 0.02324 0.02388
  0.02369 0.0234  0.02386 0.0226  0.02442 0.02321 0.02389 0.02368 0.02383
  0.02381 0.02479 0.02355 0.02329 0.02358 0.02354 0.02326 0.02509 0.02376
  0.02471 0.02466 0.02418 0.02494 0.0245  0.02471 0.0246  0.02468 0.02506
  0.02364 0.02525 0.02428 0.02446 0.02439 0.0242  0.02351 0.02502 0.0243
  0.02427 0.02508 0.02532 0.02469 0.02528 0.02493 0.02481 0.02562 0.02616
  0.02567 0.02576 0.02593 0.02644 0.02502 0.02592 0.02459 0.02639 0.02586
  0.0257  0.02559 0.02572 0.02652 0.02577 0.02675 0.02634 0.02618 0.02688
  0.02663 0.02732 0.02736 0.02704 0.0273  0.02717 0.02778 0.02726 0.02781
  0.02712 0.02774 0.02766 0.02818 0.02778 0.02802 0.02793 0.0274  0.02867
  0.02897 0.02789 0.02743 0.02927 0.02957 0.02876 0.02876 0.02907 0.02934
  0.02931 0.02858 0.029   0.03024 0.02945 0.02992 0.0307  0.03071 0.03023
  0.03117 0.03006 0.03175 0.02979 0.0305  0.03121 0.03165 0.03194 0.03187
  0.03224 0.0325  0.03206 0.03329 0.03337 0.03376 0.03374 0.0334  0.03376
  0.03216 0.03327 0.03296 0.03366 0.0332  0.03304 0.0332  0.03386 0.03236
  0.03478 0.03322 0.0358  0.03441 0.03495 0.03399 0.03557 0.03492 0.03531
  0.03476 0.03597 0.03576 0.0362  0.03733 0.03674 0.03648 0.03569 0.03716
  0.03748 0.03728 0.03875 0.03829 0.03936 0.03853 0.03924 0.03981 0.03869
  0.0397  0.03984 0.04079 0.03978 0.04058 0.04111 0.03972 0.0409  0.04074
  0.04048 0.04141 0.04193 0.04194 0.04201 0.04235 0.04214 0.0416  0.04215
  0.04308 0.04248 0.04239 0.04389 0.04413 0.04374 0.04417 0.04392 0.04483
  0.04351 0.04381 0.04451 0.0453  0.04479 0.04496 0.04509 0.04477 0.04646
  0.04513 0.04568 0.04586 0.04653 0.04574 0.04647 0.04787 0.04724 0.04691
  0.047   0.04689 0.04781 0.04689 0.04636 0.04648 0.04697 0.04673 0.04645
  0.04578 0.0453  0.04652 0.04548 0.04451 0.04501 0.04622 0.04591 0.04473
  0.04619 0.04523 0.04417 0.04464 0.04521 0.0451  0.04626 0.04626 0.04541
  0.0458  0.04675 0.04637 0.04593 0.04622 0.04617 0.04532 0.0465  0.04552
  0.04476 0.04485 0.04576 0.04452 0.04619 0.04661 0.04706 0.04669 0.04612
  0.0459  0.04643 0.04781 0.04652 0.04686 0.04643 0.04782 0.04803 0.04762
  0.04769 0.04625 0.04728 0.04698 0.0476  0.04633 0.04733 0.04745 0.04767
  0.04732 0.04941 0.04821 0.04886 0.0481  0.04736 0.05005 0.04863 0.0496
  0.04953 0.04904 0.04974 0.05113 0.05129 0.05126 0.05178 0.05092 0.05175
  0.051   0.05112 0.0508  0.05007 0.05195 0.05206 0.05052 0.05205 0.05233
  0.05235 0.05236 0.05252 0.05277 0.05207 0.05334 0.05319 0.05296 0.05324
  0.05333 0.05335 0.05236 0.05324 0.05244 0.05304 0.05502 0.05393 0.05482
  0.05405 0.05365 0.05359 0.05459 0.05361 0.05447 0.05363 0.05503 0.05509
  0.05363 0.05546 0.05526 0.05438 0.05474 0.05443 0.05524 0.05457 0.05493
  0.05531 0.05533 0.05478 0.05566 0.05484 0.05533 0.05512 0.05448 0.05657
  0.05525 0.05551 0.05555 0.05656 0.05539 0.05617 0.05572 0.05599 0.05693
  0.05731 0.05677 0.05622 0.05736 0.0579  0.05603 0.05743 0.05623 0.0579
  0.05672 0.05808 0.05709 0.05895 0.05957 0.05761 0.05853 0.05899 0.05936
  0.05816 0.05982 0.05882 0.05966 0.05995 0.05812 0.06061 0.05983 0.06057
  0.06022 0.06094 0.06061 0.06098 0.06137 0.06077 0.06033 0.06135 0.06123
  0.06271 0.06165 0.06368 0.06363 0.06288 0.06232 0.06192 0.06235 0.06277
  0.06378 0.06334 0.06309 0.06272 0.06357 0.06362 0.06393 0.06359 0.06462
  0.06372 0.06409 0.06396 0.06422 0.06457 0.06367 0.06521 0.06472 0.06492
  0.06526 0.06565 0.06605 0.06561 0.06381 0.06682 0.06577 0.06691 0.06624
  0.06646 0.06608 0.06601 0.06656 0.06658 0.0654  0.06663 0.06743 0.06724
  0.0674  0.06701 0.0677  0.06786 0.06729 0.06827 0.06785 0.06658 0.06762
  0.0676  0.06762 0.06888 0.06758 0.06992 0.06946 0.06916 0.06842 0.06922
  0.06967 0.0683  0.06802 0.06889 0.06891 0.06925 0.06932 0.07059 0.07118
  0.07024 0.0699  0.06922 0.06971 0.07121 0.06986 0.0699  0.07    0.0706
  0.07157 0.07225 0.07093 0.07027 0.07074 0.0713  0.0715  0.07139 0.0712
  0.07163 0.07328 0.0718  0.07202 0.07229 0.07263 0.07264 0.07329 0.07389
  0.07326 0.07401 0.07306 0.07469 0.07463 0.07344 0.0752  0.07594 0.07481
  0.07613 0.07555 0.07672 0.07672 0.07578 0.07781 0.07539 0.07766 0.07758
  0.07784 0.07773 0.07652 0.07751 0.07815 0.078   0.0799  0.07848 0.07831
  0.07825 0.07837 0.0785  0.07952 0.08058 0.08034 0.0799  0.08169 0.08134
  0.08193 0.08275 0.08068 0.08123 0.08184 0.0822  0.08312 0.08157 0.08378
  0.08203 0.08314 0.08313 0.08305 0.08305 0.08423 0.08434 0.08299 0.08261
  0.08336 0.08318 0.08402 0.08522 0.0847  0.08427 0.08542 0.08489 0.08452
  0.08579 0.08511 0.0863  0.08748 0.0866  0.08675 0.08629 0.08819 0.08856
  0.08794 0.08764 0.08731 0.08968 0.08842 0.08813 0.08875 0.08895 0.09032
  0.08903 0.08988 0.08966 0.08977 0.08999 0.09074 0.0914  0.09041 0.09083
  0.09113 0.09099 0.09111 0.09209 0.09168 0.09256 0.09175 0.09372 0.09408
  0.09508 0.09461 0.09407 0.0928  0.09569 0.09434 0.09512 0.09418 0.09561
  0.0959  0.09604 0.09672 0.09669 0.09681 0.09738 0.09754 0.09799 0.09676
  0.09796 0.09773 0.09794 0.09748 0.10014 0.09917 0.09903 0.09914 0.09848
  0.10033 0.10041 0.09852 0.09988 0.0999  0.09975 0.10214 0.10026 0.1004
  0.10156 0.1022  0.10232 0.10222 0.10125 0.10294 0.10336 0.10218 0.10259
  0.10378 0.10289 0.10321 0.10309 0.10187 0.10449 0.10404 0.10437 0.10441
  0.10536 0.10413 0.10636 0.10559 0.10538 0.10618 0.10513 0.10527 0.10528
  0.10651 0.10491 0.10674 0.10747 0.10627 0.10748 0.10628 0.10881 0.10731
  0.10722 0.10693 0.10732 0.10727 0.10895 0.10881 0.10872 0.10921 0.10933
  0.11031 0.10943 0.10865 0.10954 0.11079 0.11025 0.11133 0.11134 0.10977
  0.11126 0.11025 0.11172 0.11185 0.11113 0.11153 0.11212 0.11228 0.11202
  0.11092 0.11182 0.11176 0.11313 0.11199 0.11346 0.11244 0.11315 0.11328
  0.11432 0.11312 0.1148  0.11441 0.11497 0.11509 0.11507 0.11664 0.11534
  0.11608 0.1147  0.11639 0.11587 0.11581 0.11721 0.11604 0.11696 0.11695
  0.11513 0.11701 0.11778 0.11637 0.11737 0.11805 0.11752 0.11831 0.11735
  0.11856 0.11731 0.11868 0.11692 0.11679 0.11894 0.11894 0.11834 0.11898
  0.11946 0.11957 0.11826 0.11929 0.11864 0.1203  0.11974 0.11887 0.11975
  0.12088 0.12036 0.12074 0.12089 0.12113 0.12012 0.12005 0.11952 0.12087
  0.12086 0.12094 0.12036 0.12238 0.12266 0.12075 0.12263 0.12217 0.12187
  0.12311 0.12223 0.12279 0.12344 0.12414 0.12349 0.12347 0.12436 0.12462
  0.12458 0.12379 0.12463 0.12641 0.12449 0.12418 0.12451 0.12604 0.12591
  0.12584 0.12613 0.12612 0.12729 0.12692 0.12738 0.12621 0.1268  0.12778
  0.12858 0.12854 0.12777 0.12873 0.12848 0.12924 0.12913 0.12836 0.12957
  0.13017 0.13031 0.13055 0.13064 0.12982 0.12999 0.1305  0.13009 0.13108
  0.13052 0.1318  0.13043 0.13127 0.13136 0.13121 0.13166 0.13236 0.13218
  0.1315  0.13184 0.13233 0.13362 0.13252 0.13195 0.1327  0.13297 0.13288
  0.13291 0.13226 0.13222 0.13293 0.13264 0.13444 0.13335 0.13337 0.13392
  0.13523 0.13519 0.13569 0.13574 0.13353 0.13563 0.13523 0.1367  0.13547
  0.13518 0.13542 0.13619 0.13823 0.13709 0.13669 0.13661 0.13801 0.13817
  0.13828 0.13797 0.13792 0.13768 0.13839 0.13902 0.13894 0.13933 0.13988
  0.14033 0.13992 0.13952 0.13927 0.141   0.14072 0.13979 0.14022 0.14163
  0.14098 0.14101 0.14179 0.14077 0.14176 0.14114 0.14229 0.14206 0.14146
  0.14296 0.14165 0.14247 0.14302 0.14379 0.14274 0.14324 0.14295 0.14356
  0.14321 0.14391 0.14326 0.14402 0.14368 0.1448  0.14554 0.14454 0.14591
  0.14537 0.14561 0.14522 0.14494 0.14575 0.14601 0.14521 0.14553 0.14694
  0.14688 0.14671 0.14564 0.14667 0.14578 0.14672 0.1482  0.14669 0.14719
  0.14729 0.14568 0.14872 0.1489  0.14734 0.14789 0.14726 0.14749 0.1478
  0.14885 0.1501  0.1483  0.1491  0.14956 0.14964 0.14859 0.14717 0.1481
  0.14937 0.14892 0.14983 0.1499  0.14783 0.15032 0.14938 0.14847 0.15033
  0.14978 0.14956 0.14821 0.1505  0.14904 0.14942 0.14984 0.14987 0.1502
  0.14845 0.15045 0.14967 0.14952 0.14939 0.15072 0.14971 0.14968 0.15038
  0.15069 0.14995 0.15142 0.15213 0.15099 0.15158 0.1502  0.15076 0.15293
  0.15147 0.152  ]
 [0.02547 0.02529 0.02468 0.02497 0.02426 0.02461 0.02376 0.02363 0.02416
  0.02394 0.02435 0.02387 0.02315 0.02435 0.02435 0.02341 0.02458 0.02487
  0.02382 0.0249  0.02435 0.0244  0.0237  0.02394 0.02362 0.02289 0.02328
  0.02363 0.02401 0.02392 0.02356 0.02322 0.0242  0.02356 0.02357 0.02322
  0.02359 0.02408 0.02339 0.02351 0.02438 0.02363 0.02349 0.02376 0.02245
  0.02302 0.02346 0.02296 0.02326 0.02327 0.02465 0.02354 0.02377 0.02439
  0.02339 0.02318 0.02236 0.02183 0.02313 0.02337 0.02291 0.02329 0.02274
  0.02342 0.02283 0.02287 0.02359 0.02364 0.02386 0.02276 0.02347 0.0229
  0.02331 0.02359 0.0235  0.0239  0.0224  0.02198 0.02313 0.02281 0.02283
  0.02302 0.02268 0.02371 0.02341 0.02383 0.02357 0.02233 0.02317 0.0226
  0.02246 0.023   0.02231 0.0231  0.02254 0.02223 0.02324 0.02282 0.02304
  0.02277 0.02352 0.02139 0.02271 0.023   0.02202 0.02336 0.02358 0.02328
  0.0225  0.02263 0.024   0.0228  0.02273 0.02284 0.02272 0.02314 0.02298
  0.02305 0.02256 0.0229  0.02295 0.02337 0.0223  0.02311 0.02314 0.02282
  0.02299 0.02128 0.02208 0.02278 0.02262 0.0219  0.02389 0.02341 0.02255
  0.02348 0.02297 0.02326 0.02287 0.02359 0.02277 0.02276 0.02405 0.02246
  0.02296 0.02381 0.0234  0.02188 0.02377 0.02328 0.02328 0.02298 0.02422
  0.02361 0.0237  0.02336 0.02318 0.02322 0.02211 0.02268 0.02358 0.02276
  0.02324 0.02419 0.02318 0.02316 0.02339 0.0232  0.02316 0.02303 0.02356
  0.02285 0.0241  0.02268 0.02312 0.02231 0.02246 0.0226  0.02321 0.02366
  0.02251 0.02343 0.02285 0.02298 0.02286 0.02324 0.02276 0.02303 0.02265
  0.02273 0.02258 0.02338 0.02297 0.02303 0.02413 0.02291 0.02374 0.02354
  0.02361 0.02321 0.02331 0.0241  0.02248 0.02304 0.02416 0.02424 0.02316
  0.02366 0.02347 0.02377 0.02323 0.02358 0.02236 0.0227  0.02402 0.02332
  0.02374 0.02317 0.02305 0.02329 0.02402 0.02397 0.02386 0.02358 0.02315
  0.02352 0.02326 0.02333 0.02355 0.02387 0.02431 0.02332 0.02403 0.02426
  0.02418 0.02364 0.02417 0.02468 0.02405 0.02436 0.023   0.02482 0.0251
  0.02433 0.02342 0.02408 0.02448 0.02437 0.02557 0.02412 0.02463 0.02574
  0.02441 0.02473 0.02451 0.02506 0.02493 0.02544 0.02447 0.02547 0.02489
  0.02546 0.02626 0.02443 0.02489 0.02518 0.02474 0.02586 0.02434 0.02495
  0.0247  0.02584 0.02562 0.02479 0.02607 0.0238  0.02523 0.02453 0.02493
  0.02408 0.02429 0.02422 0.02509 0.02464 0.02572 0.02522 0.02457 0.02538
  0.02441 0.02569 0.02488 0.02454 0.0251  0.02418 0.0248  0.02426 0.02517
  0.02498 0.02514 0.02485 0.02546 0.02606 0.02493 0.02521 0.02599 0.02527
  0.02532 0.025   0.02613 0.02572 0.02594 0.02677 0.02602 0.02614 0.02587
  0.02631 0.02639 0.02617 0.0261  0.02641 0.02581 0.02696 0.02618 0.02671
  0.02623 0.02633 0.02601 0.02569 0.02585 0.02526 0.0262  0.02671 0.02636
  0.02697 0.02723 0.02772 0.02737 0.02741 0.02787 0.02733 0.02705 0.02748
  0.02722 0.02691 0.02852 0.02707 0.02683 0.02799 0.02649 0.02877 0.0276
  0.02784 0.02805 0.02769 0.02742 0.02815 0.0275  0.02704 0.02775 0.02804
  0.02778 0.02784 0.02885 0.02806 0.0271  0.02693 0.02832 0.02773 0.02873
  0.02742 0.02723 0.02876 0.02775 0.02795 0.02753 0.02781 0.02804 0.02883
  0.02753 0.02955 0.02925 0.02732 0.02896 0.02846 0.02909 0.02825 0.02812
  0.03038 0.02829 0.02916 0.02885 0.02817 0.02905 0.02933 0.02865 0.02902
  0.02847 0.02893 0.02876 0.02904 0.02917 0.02871 0.02872 0.02828 0.02813
  0.02785 0.02891 0.02974 0.02786 0.02865 0.02883 0.02874 0.02776 0.02996
  0.0305  0.03002 0.02913 0.03084 0.02966 0.02904 0.02924 0.03011 0.03017
  0.03039 0.03102 0.02953 0.03021 0.02957 0.03087 0.031   0.03024 0.03102
  0.03004 0.03041 0.03108 0.03151 0.03184 0.03039 0.03148 0.03149 0.03109
  0.03225 0.0325  0.03246 0.03079 0.03199 0.03251 0.03175 0.03309 0.03297
  0.03234 0.03246 0.03334 0.03457 0.03306 0.03311 0.03415 0.03219 0.03313
  0.03248 0.03303 0.03306 0.03312 0.0333  0.03398 0.03292 0.03359 0.03391
  0.03353 0.03418 0.0335  0.0348  0.0341  0.03397 0.03515 0.03337 0.03406
  0.03451 0.03391 0.03492 0.03458 0.03315 0.03303 0.03409 0.03413 0.03399
  0.03461 0.03518 0.03434 0.03475 0.03423 0.03439 0.0353  0.03582 0.03321
  0.03482 0.0361  0.03443 0.0355  0.03455 0.03574 0.03517 0.03632 0.03541
  0.03522 0.03638 0.03465 0.03625 0.03656 0.0369  0.03661 0.03602 0.03648
  0.03727 0.03747 0.03769 0.03791 0.03672 0.03675 0.03821 0.03754 0.0387
  0.03834 0.03828 0.03891 0.03865 0.03854 0.03965 0.0384  0.04052 0.03965
  0.03985 0.03932 0.03951 0.04017 0.04066 0.04024 0.04115 0.04093 0.03996
  0.04123 0.04233 0.04241 0.04149 0.04179 0.04115 0.04296 0.04174 0.043
  0.04256 0.04478 0.04356 0.04425 0.04496 0.04439 0.04477 0.04388 0.04491
  0.04543 0.04674 0.04509 0.04625 0.0455  0.04624 0.04686 0.04763 0.04832
  0.04722 0.04753 0.04876 0.04974 0.04902 0.05045 0.04885 0.04925 0.05046
  0.05016 0.05014 0.04945 0.0521  0.05196 0.05295 0.05251 0.05216 0.05473
  0.05428 0.05482 0.05507 0.05533 0.05461 0.05441 0.05553 0.0574  0.0567
  0.05725 0.05753 0.05766 0.05774 0.05919 0.05937 0.06035 0.05988 0.06229
  0.06164 0.06286 0.06222 0.06327 0.06378 0.06317 0.0644  0.06436 0.06583
  0.06614 0.06609 0.06579 0.06669 0.06734 0.06864 0.0683  0.06865 0.06934
  0.07076 0.06941 0.07134 0.07052 0.07238 0.07354 0.07247 0.07392 0.07298
  0.07312 0.07488 0.07631 0.07486 0.07556 0.07541 0.076   0.07787 0.0776
  0.07811 0.08028 0.07954 0.08    0.08081 0.08052 0.07976 0.08181 0.08178
  0.08318 0.08296 0.08347 0.08436 0.08442 0.08478 0.08432 0.08541 0.08692
  0.08516 0.08642 0.08715 0.08694 0.08829 0.08867 0.08967 0.09015 0.08972
  0.09015 0.09074 0.09109 0.09167 0.09349 0.09271 0.09111 0.09354 0.09386
  0.09466 0.0936  0.09494 0.09584 0.09635 0.09649 0.09671 0.09713 0.09572
  0.09749 0.09657 0.09771 0.09874 0.0998  0.09935 0.09941 0.10011 0.10068
  0.10047 0.10008 0.10048 0.1008  0.10212 0.10163 0.10346 0.10352 0.10269
  0.10472 0.10393 0.10451 0.10525 0.10386 0.1061  0.10504 0.10532 0.10586
  0.107   0.10663 0.10723 0.10791 0.10799 0.10852 0.10888 0.1081  0.10829
  0.10924 0.10999 0.11038 0.10952 0.11065 0.10899 0.11131 0.11074 0.11149
  0.11203 0.11183 0.11164 0.11165 0.11264 0.11305 0.11312 0.11251 0.11228
  0.11403 0.11346 0.11384 0.11486 0.11552 0.11459 0.11601 0.11505 0.11591
  0.11605 0.11708 0.11627 0.11713 0.11684 0.11769 0.11719 0.11787 0.11762
  0.11864 0.1169  0.11783 0.11858 0.11824 0.11919 0.11859 0.11898 0.11867
  0.11952 0.11936 0.12022 0.12123 0.12036 0.12114 0.12174 0.12143 0.12199
  0.12197 0.1223  0.12207 0.12139 0.12184 0.12151 0.12369 0.12423 0.12408
  0.12399 0.12363 0.12451 0.12407 0.12491 0.12561 0.12501 0.12569 0.12684
  0.12627 0.12638 0.12663 0.12668 0.12711 0.12601 0.12652 0.12801 0.12821
  0.12782 0.12901 0.12868 0.12979 0.12904 0.13031 0.13025 0.12934 0.13145
  0.1325  0.13003 0.13082 0.13153 0.13298 0.13065 0.13201 0.13388 0.13395
  0.13385 0.13528 0.13426 0.13461 0.13442 0.13577 0.13626 0.13667 0.13712
  0.1374  0.13736 0.13816 0.13726 0.13879 0.13799 0.13766 0.13851 0.13912
  0.13899 0.14003 0.13949 0.1395  0.14088 0.1401  0.14147 0.14209 0.14185
  0.142   0.14317 0.14134 0.14323 0.14336 0.14298 0.14305 0.14425 0.14416
  0.14451 0.14507 0.14561 0.14468 0.14471 0.14615 0.14717 0.14665 0.14766
  0.14753 0.1471  0.14855 0.14942 0.14992 0.14914 0.1492  0.15014 0.15017
  0.1507  0.15141 0.1509  0.1516  0.15151 0.15223 0.15158 0.15371 0.15352
  0.15413 0.15433 0.15519 0.1548  0.15531 0.15693 0.15557 0.15487 0.15589
  0.15635 0.15744 0.15624 0.15753 0.15755 0.15671 0.15873 0.15796 0.15721
  0.15741 0.15892 0.16    0.15927 0.15975 0.16052 0.16088 0.16118 0.16009
  0.16107 0.16171 0.16234 0.16116 0.16297 0.16252 0.1631  0.16259 0.1626
  0.16369 0.16361 0.16402 0.1651  0.16435 0.16403 0.16431 0.16506 0.16443
  0.16518 0.16602 0.16565 0.16542 0.16818 0.16603 0.16592 0.16693 0.16806
  0.16754 0.16654 0.16754 0.16684 0.16817 0.16773 0.16765 0.16788 0.16847
  0.16893 0.16814 0.16893 0.16972 0.17079 0.16856 0.17133 0.1703  0.17058
  0.16978 0.16929 0.17057 0.17136 0.1726  0.1714  0.17159 0.17201 0.17199
  0.17292 0.17375 0.17247 0.17401 0.17412 0.17496 0.17421 0.17378 0.17543
  0.17574 0.17489 0.17465 0.17573 0.17666 0.17679 0.17714 0.17666 0.17691
  0.17857 0.1784  0.17842 0.17849 0.17881 0.18034 0.17933 0.18024 0.18105
  0.18091 0.18259 0.18267 0.18305 0.18349 0.18301 0.18519 0.18378 0.18511
  0.18456 0.18424]
 [0.02273 0.02232 0.02175 0.02215 0.0216  0.02143 0.02208 0.02147 0.02263
  0.02134 0.02107 0.0215  0.02151 0.02157 0.02134 0.02151 0.02146 0.02156
  0.02112 0.02048 0.02186 0.02165 0.02123 0.02123 0.0214  0.02167 0.02186
  0.02102 0.02193 0.02076 0.02184 0.02129 0.02127 0.02214 0.02208 0.02158
  0.02168 0.02248 0.02158 0.02254 0.02099 0.02058 0.02117 0.02131 0.02195
  0.02195 0.02157 0.02179 0.02066 0.02058 0.02199 0.02112 0.02192 0.02094
  0.02204 0.02137 0.02138 0.02113 0.02135 0.02149 0.02131 0.02108 0.0208
  0.02124 0.02141 0.02135 0.02211 0.02096 0.02151 0.02167 0.0222  0.0207
  0.02139 0.02132 0.02161 0.02151 0.02168 0.02131 0.0213  0.02196 0.02158
  0.0209  0.02188 0.02222 0.02148 0.02305 0.02077 0.0206  0.02242 0.0216
  0.02256 0.0213  0.02159 0.02202 0.02176 0.02154 0.02193 0.02204 0.02286
  0.02205 0.02177 0.02213 0.02218 0.02202 0.02257 0.02138 0.02171 0.02197
  0.02248 0.02229 0.02244 0.02165 0.02223 0.0212  0.0217  0.02218 0.02149
  0.02232 0.02182 0.02155 0.02096 0.02267 0.0222  0.02273 0.02242 0.02184
  0.02245 0.02263 0.02246 0.02154 0.02243 0.02343 0.02267 0.02271 0.0217
  0.02251 0.0223  0.02319 0.02242 0.02297 0.02188 0.02316 0.02183 0.02281
  0.02268 0.02253 0.02369 0.0219  0.02212 0.02261 0.02294 0.02156 0.02178
  0.02219 0.02258 0.02301 0.02265 0.02187 0.0227  0.02216 0.02279 0.02219
  0.02225 0.02418 0.02324 0.02308 0.02297 0.02318 0.02391 0.02389 0.02395
  0.02396 0.02305 0.02369 0.02417 0.02386 0.02451 0.02383 0.02368 0.02429
  0.02391 0.02342 0.02365 0.02395 0.02371 0.0248  0.0236  0.02357 0.02456
  0.0245  0.02437 0.02497 0.02491 0.02519 0.0251  0.02449 0.02445 0.0235
  0.02471 0.02504 0.02577 0.02482 0.02441 0.02554 0.02573 0.02506 0.02511
  0.02477 0.02477 0.02478 0.02574 0.02582 0.02507 0.02479 0.02609 0.02523
  0.02562 0.02527 0.02555 0.02631 0.02689 0.02661 0.02651 0.02526 0.0259
  0.02748 0.02727 0.02611 0.0271  0.02669 0.0277  0.0262  0.02703 0.02675
  0.02786 0.02774 0.02731 0.02806 0.02729 0.02696 0.027   0.02685 0.02723
  0.02804 0.02734 0.02677 0.0265  0.02672 0.02635 0.02673 0.02626 0.02738
  0.02721 0.02815 0.0264  0.02638 0.0266  0.02649 0.02765 0.02705 0.02705
  0.02552 0.02734 0.02598 0.02614 0.02674 0.02653 0.02673 0.02641 0.02627
  0.02603 0.02636 0.02668 0.02646 0.02621 0.02774 0.02661 0.027   0.02626
  0.02631 0.02676 0.02673 0.0262  0.0279  0.02779 0.02645 0.02749 0.02682
  0.02689 0.02677 0.02812 0.02721 0.02731 0.02764 0.02812 0.02676 0.02692
  0.02773 0.02861 0.02836 0.02814 0.02752 0.02843 0.02901 0.02755 0.02867
  0.02808 0.02884 0.02919 0.02863 0.02937 0.02932 0.02985 0.02972 0.0293
  0.02887 0.02934 0.03082 0.03008 0.03063 0.03038 0.02858 0.03034 0.03081
  0.03117 0.0301  0.0309  0.02993 0.02973 0.03048 0.03044 0.03092 0.03142
  0.0298  0.02971 0.03157 0.02988 0.03121 0.02976 0.02966 0.03019 0.03042
  0.03021 0.02931 0.02939 0.02991 0.03125 0.03042 0.03023 0.02898 0.02933
  0.02945 0.03081 0.03018 0.03121 0.03052 0.03028 0.03018 0.02988 0.03039
  0.02911 0.03181 0.03046 0.0311  0.03113 0.0306  0.03073 0.03222 0.03159
  0.03166 0.03169 0.03193 0.03124 0.03071 0.03083 0.03105 0.03237 0.03179
  0.0319  0.03085 0.03104 0.03099 0.03175 0.03178 0.03169 0.03246 0.03201
  0.03248 0.03149 0.03152 0.03206 0.03301 0.03211 0.03315 0.03282 0.03306
  0.03307 0.03262 0.03333 0.03341 0.0327  0.03429 0.03394 0.0336  0.03349
  0.03349 0.03361 0.03413 0.03423 0.03346 0.0346  0.03322 0.0342  0.03492
  0.03544 0.03561 0.03489 0.03418 0.03562 0.03521 0.03499 0.03453 0.0358
  0.03469 0.03528 0.03666 0.03611 0.03658 0.03579 0.03584 0.03595 0.03615
  0.03608 0.03672 0.03746 0.03586 0.03736 0.03688 0.03732 0.03724 0.03758
  0.03686 0.03762 0.03667 0.03706 0.03735 0.03849 0.03822 0.03693 0.03816
  0.03844 0.03726 0.0383  0.03797 0.03798 0.03817 0.03832 0.03737 0.03834
  0.03779 0.03743 0.03789 0.03905 0.03816 0.03833 0.03866 0.03881 0.03886
  0.03964 0.03819 0.03884 0.03807 0.03814 0.03907 0.03875 0.03918 0.03894
  0.03943 0.03792 0.03878 0.03826 0.0389  0.03859 0.03884 0.03794 0.03845
  0.03882 0.03834 0.03769 0.03888 0.03731 0.03865 0.03829 0.03849 0.03717
  0.03846 0.03724 0.0381  0.03775 0.03827 0.03759 0.03725 0.03755 0.03807
  0.03779 0.03708 0.03723 0.0375  0.03755 0.03815 0.03695 0.03813 0.03704
  0.03767 0.03726 0.03835 0.03813 0.0368  0.03823 0.03731 0.03815 0.03782
  0.03672 0.0368  0.03823 0.03756 0.03695 0.03843 0.0373  0.03765 0.03778
  0.03777 0.03811 0.03769 0.03723 0.03872 0.03867 0.03809 0.03704 0.03874
  0.03834 0.03896 0.03856 0.03844 0.03934 0.03948 0.03827 0.03992 0.03891
  0.03821 0.03967 0.03967 0.04067 0.03907 0.03918 0.03987 0.03917 0.03872
  0.03938 0.03909 0.03872 0.04009 0.03809 0.03895 0.03925 0.03919 0.03991
  0.03909 0.03977 0.04005 0.03894 0.04067 0.03877 0.03931 0.04043 0.03996
  0.04105 0.0405  0.04058 0.04063 0.03991 0.03935 0.04068 0.04138 0.04105
  0.04091 0.04128 0.0406  0.04136 0.0413  0.04107 0.04272 0.04246 0.04197
  0.04283 0.04239 0.04192 0.0423  0.042   0.04351 0.04268 0.04346 0.04419
  0.04348 0.04384 0.04342 0.04484 0.04415 0.04456 0.04493 0.04472 0.0449
  0.04437 0.04557 0.04596 0.04652 0.04538 0.04595 0.04546 0.04642 0.04602
  0.04655 0.04643 0.04657 0.04562 0.04657 0.04737 0.04723 0.0474  0.04767
  0.04645 0.04683 0.04783 0.04737 0.04766 0.0471  0.04754 0.04746 0.0483
  0.04776 0.04732 0.0486  0.048   0.04871 0.04774 0.04784 0.04773 0.04885
  0.0477  0.04922 0.04856 0.04843 0.04736 0.04868 0.04817 0.0476  0.04988
  0.04818 0.04902 0.04974 0.04888 0.04815 0.04881 0.04899 0.04909 0.04916
  0.04928 0.04895 0.04856 0.05015 0.0493  0.05029 0.04919 0.05061 0.0491
  0.04988 0.04985 0.05076 0.05004 0.05059 0.05059 0.05082 0.05135 0.05006
  0.05034 0.05108 0.05103 0.05167 0.05123 0.04975 0.05164 0.05099 0.05147
  0.0509  0.05183 0.05261 0.051   0.05194 0.05083 0.05293 0.05207 0.05322
  0.05175 0.05249 0.05089 0.05186 0.05173 0.0532  0.05196 0.05216 0.05238
  0.05187 0.05239 0.05171 0.05339 0.05328 0.0524  0.05297 0.05335 0.0523
  0.05417 0.05191 0.05244 0.05378 0.05207 0.05323 0.05417 0.05193 0.05291
  0.0532  0.05284 0.0526  0.05272 0.05233 0.05338 0.05326 0.0532  0.05354
  0.05243 0.05497 0.05348 0.05366 0.05344 0.05452 0.05501 0.0539  0.05381
  0.0536  0.05358 0.05284 0.05251 0.0547  0.05306 0.0549  0.05339 0.05316
  0.05342 0.05457 0.0541  0.05393 0.05339 0.05326 0.05377 0.05387 0.05355
  0.05391 0.05323 0.05412 0.05251 0.05508 0.0535  0.05338 0.05382 0.0537
  0.05393 0.05487 0.05435 0.05342 0.05261 0.05316 0.05344 0.0542  0.05359
  0.05423 0.0544  0.05343 0.05333 0.05362 0.05386 0.05456 0.05499 0.05422
  0.05544 0.05434 0.05439 0.05526 0.0555  0.05569 0.05485 0.05315 0.05449
  0.05516 0.05521 0.05501 0.05636 0.05541 0.05667 0.05616 0.05575 0.05528
  0.05571 0.0567  0.05614 0.05654 0.05651 0.05631 0.05592 0.05564 0.05596
  0.05606 0.05737 0.0571  0.05611 0.05699 0.05581 0.05636 0.05787 0.05742
  0.05775 0.05769 0.05744 0.05753 0.0577  0.05785 0.05682 0.05829 0.05837
  0.05837 0.05798 0.05851 0.05819 0.05767 0.05879 0.05793 0.05751 0.05842
  0.05896 0.05955 0.06029 0.05959 0.05876 0.05864 0.05985 0.05903 0.05993
  0.0589  0.05911 0.05922 0.06043 0.05893 0.06131 0.05981 0.05922 0.06051
  0.06045 0.06022 0.06059 0.06115 0.06163 0.06242 0.06132 0.06118 0.06097
  0.06116 0.06215 0.0618  0.06293 0.06184 0.06292 0.06336 0.06227 0.06181
  0.06202 0.06214 0.06279 0.06404 0.06323 0.06377 0.06304 0.06368 0.06455
  0.06388 0.06364 0.06324 0.0641  0.06486 0.06403 0.06539 0.06546 0.06536
  0.06454 0.06447 0.06391 0.06535 0.06529 0.06516 0.06626 0.06498 0.06598
  0.06555 0.06691 0.06641 0.06709 0.06563 0.06549 0.06597 0.06652 0.06605
  0.06597 0.06743 0.06584 0.06649 0.06608 0.06714 0.06724 0.06658 0.06776
  0.06735 0.06755 0.06667 0.06757 0.0683  0.06756 0.06705 0.06712 0.06803
  0.06719 0.06804 0.06756 0.06883 0.06889 0.0667  0.06836 0.06889 0.06785
  0.06832 0.06826 0.06881 0.0682  0.06838 0.06876 0.06846 0.06875 0.07054
  0.06898 0.06908 0.06883 0.0695  0.07001 0.06919 0.06976 0.06889 0.06837
  0.06952 0.07006 0.06955 0.06984 0.06967 0.0695  0.06986 0.07025 0.07064
  0.07023 0.07071 0.07129 0.07055 0.07019 0.07117 0.07024 0.07058 0.07049
  0.07152 0.07047 0.07038 0.0711  0.07165 0.07281 0.07121 0.07082 0.07209
  0.07223 0.07238 0.07414 0.07233 0.07296 0.07261 0.07432 0.07354 0.07468
  0.07374 0.0749 ]
 [0.0252  0.02466 0.02551 0.02546 0.02504 0.02517 0.0234  0.02432 0.02471
  0.02405 0.02369 0.02339 0.02376 0.02447 0.02438 0.02341 0.02434 0.02435
  0.02436 0.02372 0.02445 0.02373 0.02476 0.02389 0.0239  0.02379 0.02414
  0.02335 0.02459 0.02414 0.02376 0.02408 0.02432 0.0239  0.024   0.02334
  0.02505 0.02496 0.02376 0.02399 0.02443 0.02432 0.02512 0.02512 0.02562
  0.02431 0.02481 0.0248  0.02436 0.02479 0.02465 0.0244  0.02445 0.02503
  0.02499 0.02429 0.02438 0.02389 0.02503 0.02502 0.02463 0.02421 0.02427
  0.02431 0.02383 0.02467 0.02357 0.0239  0.02426 0.02451 0.02293 0.02433
  0.02373 0.02407 0.02451 0.02436 0.02447 0.02383 0.02478 0.02433 0.02483
  0.02497 0.02416 0.02457 0.02316 0.02449 0.02429 0.02455 0.02399 0.02513
  0.02398 0.02387 0.02353 0.02416 0.02365 0.02563 0.02439 0.02417 0.02376
  0.02418 0.02485 0.02422 0.02369 0.02366 0.02437 0.02457 0.02483 0.02503
  0.02438 0.02446 0.0241  0.02521 0.02505 0.02481 0.0248  0.02462 0.0242
  0.0241  0.02448 0.02464 0.02546 0.02499 0.0247  0.02439 0.0242  0.02375
  0.02402 0.02438 0.02392 0.02471 0.02458 0.02515 0.02474 0.0247  0.02427
  0.0249  0.02557 0.0242  0.02404 0.02464 0.02416 0.02525 0.02459 0.02496
  0.02406 0.02523 0.0246  0.02512 0.02472 0.02533 0.0248  0.0242  0.02424
  0.02393 0.02391 0.02439 0.02396 0.02533 0.02557 0.02428 0.02354 0.02413
  0.02379 0.02427 0.02471 0.02418 0.02414 0.0241  0.02433 0.02475 0.02407
  0.02405 0.0248  0.02354 0.02429 0.02386 0.02375 0.02418 0.02361 0.02446
  0.02515 0.0245  0.02419 0.02426 0.02369 0.02428 0.02386 0.02513 0.02438
  0.02506 0.02437 0.02495 0.02533 0.02503 0.02472 0.02583 0.02425 0.02508
  0.0253  0.02494 0.02436 0.02469 0.02485 0.02526 0.02459 0.02568 0.02435
  0.02577 0.02436 0.02451 0.02567 0.02585 0.02433 0.02557 0.0254  0.02549
  0.02444 0.02607 0.0243  0.02476 0.02547 0.02575 0.02432 0.0252  0.0259
  0.02539 0.02666 0.02616 0.02528 0.02543 0.02632 0.02562 0.0258  0.02602
  0.02598 0.02646 0.02533 0.02679 0.02584 0.02618 0.02674 0.02489 0.02593
  0.02515 0.02588 0.0254  0.02466 0.02568 0.02575 0.02623 0.02556 0.02557
  0.02611 0.02664 0.02566 0.02601 0.0266  0.02565 0.02592 0.02586 0.02546
  0.02719 0.02556 0.0256  0.02549 0.02669 0.02629 0.02666 0.02604 0.02677
  0.02608 0.02642 0.02638 0.02718 0.02625 0.02771 0.02729 0.02681 0.02694
  0.02817 0.02747 0.02669 0.02739 0.02682 0.0277  0.02772 0.02765 0.02695
  0.02729 0.02733 0.027   0.02737 0.02814 0.02842 0.02792 0.02761 0.02718
  0.02794 0.02845 0.0275  0.02817 0.02864 0.02723 0.02857 0.02733 0.02735
  0.02869 0.02789 0.02873 0.02771 0.02802 0.02778 0.02753 0.02814 0.02747
  0.02781 0.02798 0.02776 0.02892 0.02837 0.029   0.02831 0.02853 0.02864
  0.02885 0.02791 0.0286  0.02926 0.02853 0.02818 0.02794 0.0292  0.0293
  0.02933 0.02912 0.02876 0.02975 0.02925 0.02847 0.02941 0.02856 0.02857
  0.02896 0.02901 0.02873 0.02891 0.02866 0.03001 0.02935 0.02786 0.02956
  0.02957 0.02954 0.02943 0.02948 0.02914 0.03018 0.02946 0.02985 0.02952
  0.02973 0.02969 0.02972 0.03082 0.02972 0.03026 0.03045 0.02998 0.03014
  0.02928 0.02973 0.02991 0.02941 0.03105 0.03051 0.03011 0.02927 0.0299
  0.03083 0.02947 0.02973 0.03036 0.03046 0.0303  0.03109 0.02976 0.03096
  0.02933 0.02988 0.03062 0.03127 0.03139 0.03015 0.03022 0.03025 0.03066
  0.03153 0.02969 0.03115 0.03185 0.03158 0.03121 0.03148 0.0312  0.03116
  0.0318  0.032   0.03122 0.03295 0.03116 0.03068 0.03117 0.03249 0.03225
  0.03277 0.03233 0.03198 0.03245 0.03283 0.03301 0.0325  0.0321  0.03371
  0.03275 0.03308 0.0329  0.03282 0.03252 0.03379 0.03362 0.03356 0.03309
  0.03372 0.03412 0.03427 0.03298 0.03325 0.0338  0.03327 0.03512 0.03439
  0.03447 0.03439 0.03402 0.03405 0.03386 0.03491 0.03487 0.03478 0.03542
  0.03525 0.03512 0.03594 0.03534 0.03568 0.03512 0.03494 0.0354  0.03603
  0.03529 0.03497 0.03683 0.03574 0.03604 0.03543 0.03565 0.03524 0.03579
  0.03534 0.03673 0.03633 0.03656 0.03711 0.03628 0.03615 0.03704 0.03646
  0.03771 0.03625 0.03734 0.037   0.03633 0.0365  0.03554 0.03648 0.0363
  0.03701 0.03682 0.03734 0.03559 0.03646 0.03645 0.03732 0.03708 0.03691
  0.03683 0.03736 0.03785 0.03725 0.03746 0.03695 0.03692 0.03739 0.0365
  0.03758 0.03698 0.03741 0.0369  0.03755 0.03722 0.03699 0.03791 0.03807
  0.03744 0.03842 0.03889 0.0379  0.03821 0.03858 0.03853 0.03873 0.03995
  0.03859 0.03925 0.03776 0.03868 0.03885 0.03948 0.0395  0.03919 0.03991
  0.03917 0.03926 0.03926 0.03952 0.03872 0.03924 0.03939 0.04005 0.0406
  0.04039 0.04023 0.04026 0.04063 0.04097 0.04131 0.04084 0.04084 0.04058
  0.04134 0.04004 0.04104 0.0412  0.04082 0.041   0.0411  0.04161 0.04203
  0.0412  0.04043 0.04158 0.04146 0.0416  0.04213 0.04207 0.04268 0.04176
  0.04212 0.04266 0.04331 0.04185 0.04396 0.04346 0.0438  0.04412 0.04463
  0.0446  0.04508 0.04447 0.04376 0.04467 0.04441 0.04583 0.04463 0.04534
  0.04662 0.04617 0.0461  0.0465  0.04588 0.04705 0.04769 0.04703 0.04754
  0.04703 0.04845 0.0482  0.04912 0.04891 0.04861 0.04953 0.0495  0.04997
  0.05087 0.05004 0.05105 0.0515  0.05137 0.05114 0.05161 0.0525  0.05306
  0.05238 0.0527  0.05292 0.05268 0.05317 0.05469 0.05443 0.05467 0.05523
  0.05438 0.05622 0.05642 0.05848 0.05754 0.05701 0.05834 0.05736 0.0583
  0.05925 0.05821 0.05947 0.05944 0.06037 0.05961 0.0612  0.06147 0.06169
  0.06231 0.06135 0.06308 0.06335 0.06317 0.06325 0.06489 0.06507 0.06527
  0.06487 0.06582 0.06637 0.06675 0.06623 0.06673 0.06684 0.06731 0.0678
  0.06789 0.06872 0.06966 0.0689  0.06983 0.07039 0.07032 0.07094 0.07123
  0.07068 0.07146 0.07161 0.07214 0.07236 0.07229 0.07338 0.07313 0.07372
  0.07436 0.07438 0.07502 0.07469 0.07567 0.07444 0.07478 0.07561 0.07516
  0.07594 0.07684 0.07621 0.07755 0.0775  0.0786  0.07784 0.07846 0.07832
  0.0784  0.07883 0.08013 0.07961 0.07955 0.08086 0.08226 0.08016 0.08127
  0.08008 0.08191 0.08114 0.08225 0.08212 0.08268 0.08173 0.08345 0.0829
  0.0831  0.08309 0.08392 0.08414 0.08346 0.08267 0.08454 0.08444 0.08441
  0.08495 0.08544 0.08534 0.08496 0.08426 0.0844  0.08631 0.08534 0.08644
  0.08518 0.0854  0.08609 0.08588 0.08621 0.08692 0.0868  0.08571 0.08627
  0.08692 0.08735 0.08742 0.08737 0.08717 0.0871  0.0887  0.08654 0.08711
  0.08825 0.08744 0.08833 0.08853 0.08919 0.08893 0.08887 0.09012 0.08949
  0.08997 0.08934 0.08897 0.08992 0.08978 0.0905  0.08957 0.09002 0.08983
  0.09094 0.09145 0.09099 0.09093 0.09226 0.0912  0.08993 0.09048 0.09142
  0.09088 0.09289 0.09328 0.09266 0.09177 0.09308 0.09239 0.0925  0.09191
  0.093   0.09438 0.09355 0.0925  0.09334 0.09335 0.09322 0.09396 0.09473
  0.09488 0.09492 0.09461 0.09547 0.09469 0.09608 0.09675 0.09631 0.09637
  0.09534 0.09529 0.09686 0.09671 0.09604 0.09648 0.09707 0.09739 0.09844
  0.09762 0.09734 0.09788 0.09719 0.09799 0.09931 0.09798 0.09984 0.09918
  0.0996  0.09863 0.10024 0.1     0.1003  0.1013  0.1004  0.10215 0.10101
  0.1021  0.10171 0.10161 0.10245 0.10236 0.10332 0.10364 0.10267 0.10279
  0.10293 0.10527 0.10472 0.10493 0.10588 0.10598 0.10454 0.10665 0.10605
  0.10517 0.10688 0.10602 0.10733 0.10775 0.10753 0.1086  0.10908 0.10895
  0.10968 0.11038 0.11029 0.11094 0.1109  0.11047 0.11169 0.11031 0.1123
  0.11332 0.11241 0.11178 0.11196 0.11297 0.11403 0.11377 0.11415 0.11431
  0.11464 0.11344 0.11447 0.11603 0.11582 0.11652 0.11614 0.11662 0.117
  0.11635 0.11685 0.11849 0.11714 0.11817 0.11817 0.11883 0.12026 0.1201
  0.11988 0.12075 0.11965 0.12156 0.12111 0.12123 0.12241 0.1221  0.1215
  0.12341 0.12203 0.12313 0.12421 0.12432 0.12386 0.12437 0.12472 0.12585
  0.12507 0.12586 0.12523 0.12608 0.12658 0.12637 0.12778 0.12611 0.12755
  0.12806 0.12723 0.12833 0.12839 0.12942 0.12823 0.12942 0.12854 0.13019
  0.12962 0.1287  0.13067 0.13024 0.13061 0.13057 0.13072 0.13245 0.13048
  0.13273 0.13396 0.13228 0.13373 0.13444 0.13285 0.13447 0.13391 0.13388
  0.13395 0.13461 0.13452 0.13618 0.13477 0.13661 0.13567 0.13694 0.13669
  0.13813 0.13841 0.139   0.13928 0.13806 0.13857 0.13953 0.14091 0.139
  0.14082 0.14111 0.14168 0.1425  0.14191 0.14223 0.14445 0.14422 0.14417
  0.14426 0.14458 0.14458 0.14461 0.14679 0.1472  0.14818 0.1473  0.14929
  0.14818 0.15057 0.15036 0.15011 0.15106 0.15311 0.15303 0.15461 0.15451
  0.15603 0.15491 0.15695 0.15756 0.15752 0.15887 0.161   0.16108 0.1614
  0.16191 0.16254]
 [0.02302 0.02348 0.02219 0.02198 0.02176 0.02155 0.02173 0.02203 0.02108
  0.02151 0.02154 0.02155 0.02185 0.02198 0.02135 0.02164 0.02211 0.02175
  0.02216 0.02182 0.02121 0.02215 0.02191 0.02225 0.02184 0.02203 0.02205
  0.02184 0.02215 0.02196 0.02275 0.02201 0.02266 0.02261 0.02199 0.02279
  0.02247 0.02185 0.02208 0.022   0.0221  0.02212 0.02174 0.02244 0.02222
  0.02242 0.02234 0.02331 0.02243 0.02219 0.02284 0.02193 0.02228 0.02142
  0.02186 0.02252 0.02148 0.02218 0.02149 0.02299 0.0217  0.02187 0.02298
  0.02162 0.02299 0.02261 0.0217  0.02205 0.02094 0.02179 0.02198 0.02252
  0.02308 0.02292 0.02279 0.02183 0.0227  0.02206 0.0228  0.02258 0.0225
  0.02257 0.02214 0.02275 0.02256 0.02387 0.02269 0.0232  0.02298 0.02228
  0.02313 0.02251 0.02263 0.02336 0.0235  0.02305 0.02353 0.02274 0.02345
  0.02306 0.02339 0.02273 0.024   0.02321 0.02337 0.0227  0.02354 0.02268
  0.02338 0.02502 0.02174 0.02333 0.02358 0.0238  0.02319 0.02304 0.02415
  0.02338 0.02369 0.02475 0.02361 0.02439 0.02432 0.02355 0.02357 0.02401
  0.02297 0.02493 0.02477 0.02349 0.02442 0.02325 0.02404 0.02447 0.02359
  0.02385 0.02399 0.02408 0.02432 0.02444 0.02456 0.02393 0.02393 0.02476
  0.02468 0.02434 0.02467 0.02423 0.02414 0.02471 0.02481 0.02464 0.02399
  0.02448 0.02454 0.02415 0.02408 0.02484 0.02455 0.02524 0.0253  0.02465
  0.02502 0.02539 0.02531 0.02495 0.02527 0.02494 0.02556 0.02515 0.02549
  0.02632 0.02623 0.02547 0.02593 0.02722 0.02658 0.02525 0.02716 0.02723
  0.02704 0.02771 0.02723 0.02784 0.02719 0.02778 0.02727 0.02733 0.02796
  0.02592 0.02774 0.02734 0.02792 0.02736 0.02694 0.02709 0.0283  0.02823
  0.02744 0.02783 0.02705 0.02774 0.02722 0.02704 0.02835 0.02741 0.02845
  0.02837 0.02886 0.02803 0.02808 0.0288  0.02841 0.02929 0.02914 0.02859
  0.02874 0.02947 0.02994 0.02981 0.02956 0.02932 0.02983 0.02975 0.02894
  0.0297  0.02976 0.03121 0.02939 0.03008 0.03016 0.03013 0.03107 0.03213
  0.03102 0.03022 0.03117 0.02976 0.0311  0.0319  0.03184 0.03149 0.02967
  0.03196 0.03226 0.03165 0.03069 0.03206 0.03122 0.03116 0.03192 0.03215
  0.03118 0.03115 0.0318  0.03134 0.0307  0.03159 0.03136 0.03169 0.03122
  0.03189 0.032   0.03105 0.03288 0.03285 0.03142 0.03218 0.03195 0.03215
  0.03239 0.03198 0.03146 0.03232 0.03166 0.03151 0.03211 0.03079 0.03209
  0.03216 0.03158 0.03101 0.03166 0.03224 0.03278 0.03233 0.03227 0.03265
  0.03297 0.03276 0.03369 0.03446 0.03369 0.03332 0.03343 0.03449 0.03351
  0.03452 0.03332 0.03417 0.03408 0.0338  0.03516 0.03477 0.03501 0.03548
  0.03428 0.03581 0.03588 0.03509 0.03566 0.03668 0.03672 0.03661 0.03541
  0.037   0.0363  0.03705 0.03631 0.03666 0.03769 0.03669 0.03841 0.0385
  0.03868 0.03839 0.03771 0.03793 0.03804 0.03843 0.03918 0.03916 0.03955
  0.03859 0.03891 0.03793 0.03939 0.038   0.03909 0.03947 0.03961 0.04047
  0.04036 0.0401  0.04027 0.04175 0.04105 0.03909 0.041   0.0407  0.04084
  0.04087 0.04111 0.04075 0.04112 0.04097 0.0411  0.04019 0.04218 0.0411
  0.04187 0.04137 0.04207 0.04105 0.04094 0.04206 0.04205 0.04176 0.04157
  0.04213 0.0417  0.04175 0.04182 0.04283 0.04279 0.04259 0.04323 0.04259
  0.04251 0.04126 0.04302 0.04386 0.04251 0.04295 0.04418 0.04458 0.04368
  0.04319 0.04373 0.04424 0.04306 0.04377 0.04352 0.04435 0.04344 0.04335
  0.04392 0.04461 0.04512 0.04499 0.04422 0.04474 0.04484 0.04433 0.04519
  0.04611 0.04497 0.04726 0.04622 0.04555 0.04655 0.04702 0.04661 0.0478
  0.04713 0.04824 0.04644 0.04756 0.0475  0.04752 0.04759 0.04765 0.04833
  0.04865 0.04761 0.0487  0.04879 0.04867 0.04939 0.05015 0.04933 0.04963
  0.05002 0.04995 0.05009 0.04929 0.05043 0.05079 0.0508  0.05073 0.05179
  0.05166 0.05069 0.053   0.05128 0.05245 0.05236 0.05204 0.05217 0.05357
  0.05353 0.05265 0.05273 0.0542  0.05358 0.05435 0.05324 0.05338 0.05481
  0.05533 0.05496 0.05499 0.05433 0.05484 0.05448 0.05502 0.05421 0.0557
  0.05472 0.05581 0.05619 0.05543 0.05551 0.0557  0.05603 0.05673 0.05701
  0.05607 0.05641 0.05699 0.05691 0.05676 0.05687 0.0571  0.05549 0.05791
  0.05592 0.05748 0.05729 0.0569  0.0579  0.05883 0.05781 0.05766 0.059
  0.05738 0.05824 0.0575  0.05777 0.05839 0.05926 0.05882 0.05833 0.05908
  0.05909 0.05896 0.05857 0.0598  0.05912 0.05943 0.05992 0.05957 0.0609
  0.06034 0.06081 0.05938 0.05954 0.06082 0.06117 0.06141 0.06173 0.06021
  0.06093 0.06041 0.06176 0.06167 0.0617  0.06132 0.06167 0.06214 0.06228
  0.06322 0.0628  0.06365 0.06331 0.0624  0.06426 0.06457 0.06299 0.0641
  0.06477 0.06504 0.06607 0.06536 0.06559 0.06476 0.06622 0.06587 0.06588
  0.06527 0.06641 0.06676 0.06692 0.06758 0.06631 0.06655 0.06878 0.06664
  0.06714 0.06931 0.06793 0.06876 0.06861 0.06903 0.06886 0.06862 0.0688
  0.06921 0.06951 0.06936 0.06884 0.07022 0.07028 0.07051 0.07041 0.07196
  0.07109 0.07225 0.07196 0.07219 0.07215 0.07177 0.07226 0.07347 0.07316
  0.07222 0.07242 0.07371 0.07308 0.07413 0.07386 0.07354 0.07504 0.07462
  0.07538 0.07506 0.07519 0.07688 0.07671 0.07598 0.07714 0.07777 0.07735
  0.07825 0.0777  0.07794 0.07917 0.07863 0.0787  0.07901 0.07896 0.07958
  0.0796  0.07986 0.08039 0.08082 0.08064 0.0822  0.08144 0.08086 0.08123
  0.08172 0.08169 0.08236 0.08306 0.08455 0.08487 0.08262 0.08491 0.08431
  0.08495 0.08423 0.08385 0.08559 0.08532 0.08565 0.08614 0.08593 0.08734
  0.08753 0.0877  0.08673 0.08781 0.0878  0.08879 0.08878 0.08949 0.0906
  0.09134 0.09026 0.08993 0.09084 0.09194 0.09304 0.09176 0.09161 0.09152
  0.09228 0.0925  0.09305 0.09349 0.09404 0.09454 0.09423 0.09296 0.0942
  0.09504 0.09518 0.09459 0.09571 0.09523 0.09568 0.09641 0.09678 0.09832
  0.09615 0.09774 0.09789 0.09801 0.09774 0.09824 0.09851 0.09853 0.09898
  0.09892 0.09966 0.09921 0.10121 0.09962 0.10097 0.10005 0.09923 0.10109
  0.10226 0.10094 0.10096 0.10215 0.10126 0.1018  0.10262 0.10357 0.10146
  0.10329 0.10355 0.10296 0.10252 0.10325 0.10351 0.10267 0.10429 0.10537
  0.10353 0.10515 0.10479 0.10554 0.10557 0.10543 0.10507 0.10427 0.10557
  0.10544 0.1049  0.10516 0.10626 0.10664 0.10647 0.10639 0.10584 0.10622
  0.1069  0.10743 0.10699 0.10803 0.10724 0.10857 0.10814 0.10702 0.10839
  0.107   0.10882 0.10754 0.10928 0.10883 0.10931 0.10839 0.10887 0.10878
  0.10927 0.10944 0.11045 0.10948 0.10964 0.10972 0.10925 0.11104 0.11098
  0.11023 0.11194 0.10935 0.11288 0.11199 0.11157 0.1119  0.1119  0.11274
  0.1122  0.11289 0.11271 0.11249 0.1118  0.11341 0.1124  0.11319 0.11337
  0.11403 0.11225 0.11342 0.11425 0.1127  0.11411 0.11552 0.11589 0.11494
  0.11535 0.11453 0.11489 0.1155  0.11506 0.11536 0.11581 0.1166  0.11613
  0.11657 0.11717 0.11748 0.11808 0.11799 0.11781 0.11754 0.11795 0.11708
  0.11745 0.11808 0.11882 0.11849 0.12017 0.11912 0.11999 0.12145 0.12078
  0.11936 0.12086 0.12024 0.12146 0.12128 0.12038 0.12068 0.12117 0.12175
  0.12199 0.12223 0.1228  0.1229  0.12337 0.12327 0.12384 0.12374 0.1244
  0.12404 0.12417 0.12488 0.12415 0.12394 0.1252  0.12551 0.12555 0.1255
  0.12672 0.12593 0.12622 0.12625 0.12623 0.12599 0.12785 0.12645 0.12805
  0.12871 0.12824 0.12855 0.12891 0.12957 0.12869 0.13048 0.13081 0.13031
  0.13073 0.13035 0.13074 0.13178 0.13139 0.13244 0.13227 0.134   0.13238
  0.13224 0.13182 0.13391 0.13264 0.13432 0.13423 0.13372 0.13522 0.13428
  0.13527 0.13639 0.13761 0.13504 0.13743 0.13668 0.13712 0.1377  0.13741
  0.13851 0.13803 0.13879 0.13804 0.13823 0.13964 0.13908 0.14096 0.13919
  0.13991 0.14031 0.14061 0.1405  0.14105 0.14059 0.14112 0.14174 0.14132
  0.14317 0.14207 0.14262 0.14339 0.14283 0.14315 0.14259 0.14212 0.14348
  0.14383 0.14394 0.14391 0.14393 0.1435  0.14401 0.14435 0.14371 0.14581
  0.14449 0.14474 0.1465  0.14583 0.14577 0.14582 0.14613 0.14616 0.14706
  0.1454  0.14716 0.14694 0.1461  0.14796 0.14814 0.14858 0.14735 0.1482
  0.1483  0.14852 0.14768 0.14777 0.14962 0.14996 0.14909 0.14836 0.14949
  0.14958 0.14954 0.14944 0.1498  0.14982 0.15065 0.14986 0.15072 0.15049
  0.15052 0.15107 0.15084 0.15071 0.15084 0.15175 0.15164 0.15253 0.15207
  0.15213 0.15226 0.15275 0.15261 0.1523  0.15264 0.15304 0.15216 0.15345
  0.15354 0.15265 0.15348 0.15426 0.15402 0.15529 0.15491 0.154   0.15405
  0.1554  0.1538  0.15726 0.15653 0.15676 0.15499 0.15762 0.15768 0.15731
  0.15764 0.15784 0.15852 0.15793 0.15865 0.15888 0.15964 0.1611  0.16164
  0.16026 0.16047]]
Mean: 0.06380, Std Dev: 0.04271
