[[0.02266 0.02307 0.02374 0.02438 0.02329 0.02275 0.02337 0.0236  0.02298
  0.02233 0.02293 0.0235  0.02277 0.02321 0.02276 0.02325 0.02306 0.02314
  0.02283 0.02271 0.02276 0.02193 0.02221 0.02198 0.0219  0.02272 0.023
  0.02215 0.02298 0.02367 0.02237 0.02272 0.02189 0.02303 0.02238 0.02248
  0.02296 0.02274 0.02257 0.0226  0.02234 0.02305 0.02255 0.02186 0.02279
  0.02233 0.02221 0.02245 0.02157 0.02326 0.02236 0.02285 0.02248 0.02255
  0.0222  0.02291 0.02252 0.02192 0.02228 0.02224 0.02219 0.02314 0.02263
  0.02339 0.02297 0.02279 0.02329 0.02245 0.02355 0.02321 0.02332 0.02336
  0.02196 0.02365 0.02252 0.02281 0.02318 0.02319 0.02272 0.02343 0.02263
  0.02345 0.02338 0.02287 0.02334 0.02311 0.02273 0.02277 0.02324 0.02403
  0.02334 0.02366 0.02363 0.02349 0.02312 0.02317 0.02224 0.02345 0.023
  0.02318 0.02337 0.02273 0.02393 0.02291 0.02297 0.02323 0.0231  0.02314
  0.02317 0.02427 0.02354 0.02363 0.02335 0.02337 0.02309 0.02307 0.02341
  0.02353 0.02398 0.02389 0.02352 0.02383 0.02364 0.02393 0.02363 0.02491
  0.02471 0.02374 0.0231  0.02452 0.02522 0.02451 0.0247  0.0243  0.02521
  0.02559 0.02457 0.02458 0.02568 0.02556 0.02527 0.02536 0.02588 0.02593
  0.02658 0.02574 0.02689 0.02561 0.02668 0.02721 0.02734 0.0274  0.02783
  0.02749 0.02796 0.02767 0.02846 0.02883 0.02864 0.02849 0.02865 0.02874
  0.02752 0.02842 0.02839 0.02917 0.02868 0.02866 0.02805 0.02925 0.02773
  0.02951 0.02894 0.03073 0.02953 0.02965 0.02943 0.02976 0.02949 0.02987
  0.02956 0.03033 0.03054 0.03013 0.03179 0.03021 0.03051 0.03006 0.03108
  0.03146 0.03134 0.03253 0.03251 0.03283 0.03214 0.0326  0.03296 0.03245
  0.03294 0.03326 0.03404 0.03323 0.03435 0.0343  0.03317 0.03425 0.03389
  0.03362 0.03479 0.03517 0.03548 0.03575 0.03602 0.03607 0.03525 0.03559
  0.03681 0.03637 0.03654 0.03745 0.03792 0.03714 0.03767 0.03797 0.03845
  0.03723 0.0373  0.03851 0.03911 0.03917 0.03929 0.03905 0.03923 0.04051
  0.03916 0.0394  0.03956 0.0401  0.03871 0.03946 0.0407  0.03998 0.03993
  0.04031 0.03984 0.0413  0.04097 0.04048 0.04081 0.04198 0.04127 0.04123
  0.04099 0.0405  0.04201 0.04093 0.04078 0.04056 0.04195 0.04209 0.04063
  0.04184 0.04146 0.04026 0.04093 0.04178 0.04151 0.04309 0.04274 0.04246
  0.04261 0.04289 0.04309 0.0431  0.04303 0.04319 0.04322 0.04442 0.04389
  0.04316 0.04338 0.04469 0.04405 0.04552 0.04589 0.04624 0.04581 0.04541
  0.04547 0.04592 0.04711 0.04675 0.04719 0.04745 0.04894 0.04873 0.04872
  0.04936 0.04871 0.04909 0.05035 0.05087 0.05021 0.05075 0.0518  0.0525
  0.05142 0.05436 0.0524  0.05336 0.05204 0.05226 0.05476 0.05294 0.05335
  0.05387 0.05289 0.05431 0.05569 0.05564 0.05596 0.05593 0.05563 0.05697
  0.05546 0.0565  0.05612 0.05501 0.05649 0.05625 0.05513 0.05626 0.05684
  0.05584 0.05606 0.05568 0.05596 0.05522 0.05683 0.05713 0.05662 0.05678
  0.05793 0.05785 0.05737 0.05793 0.05679 0.05749 0.05889 0.05813 0.05881
  0.05894 0.05817 0.05778 0.05782 0.05822 0.05816 0.05835 0.05881 0.05954
  0.05764 0.05964 0.0586  0.05861 0.05928 0.05863 0.05961 0.05765 0.05841
  0.05899 0.0592  0.05911 0.05962 0.05927 0.05934 0.05944 0.05778 0.06037
  0.05921 0.05957 0.05959 0.06009 0.05895 0.06008 0.05949 0.06015 0.06102
  0.06113 0.06054 0.05991 0.06027 0.06023 0.05919 0.06003 0.05918 0.05994
  0.05882 0.06017 0.05895 0.06022 0.0605  0.05931 0.05972 0.06028 0.06052
  0.05916 0.0602  0.05952 0.06005 0.05998 0.05818 0.06081 0.05958 0.06008
  0.05963 0.06066 0.06007 0.06056 0.06049 0.06031 0.05983 0.06061 0.05983
  0.06126 0.06003 0.06222 0.0617  0.06126 0.06129 0.06087 0.06076 0.06113
  0.0622  0.06222 0.06171 0.06185 0.0623  0.06212 0.06227 0.06206 0.06362
  0.06251 0.06269 0.06286 0.06295 0.06302 0.06272 0.06412 0.06379 0.06388
  0.06459 0.06454 0.06493 0.06523 0.06338 0.06538 0.0653  0.06632 0.06623
  0.06651 0.06578 0.06636 0.06652 0.06695 0.06551 0.06745 0.06805 0.0678
  0.06786 0.0674  0.06791 0.0683  0.0676  0.06908 0.06931 0.06825 0.06929
  0.06912 0.06947 0.07042 0.06972 0.07179 0.07181 0.0711  0.0711  0.07171
  0.07224 0.07125 0.07092 0.07175 0.07261 0.07273 0.07315 0.07324 0.0745
  0.07352 0.07368 0.07342 0.07372 0.07548 0.07435 0.07491 0.07441 0.07518
  0.07615 0.07622 0.07606 0.0751  0.07569 0.07715 0.07708 0.07676 0.07716
  0.07785 0.07874 0.07855 0.07787 0.07817 0.07854 0.07952 0.0799  0.08051
  0.08009 0.08059 0.08042 0.08142 0.08124 0.08118 0.08234 0.08293 0.08277
  0.08345 0.08307 0.08401 0.08416 0.08394 0.08573 0.08385 0.08565 0.08604
  0.08625 0.08631 0.08511 0.08651 0.08681 0.08708 0.08842 0.08746 0.0874
  0.08761 0.08731 0.08792 0.08891 0.09025 0.09047 0.08982 0.09144 0.09158
  0.09185 0.09327 0.09192 0.09202 0.09292 0.09327 0.09466 0.09299 0.09518
  0.09396 0.09565 0.09606 0.09583 0.09583 0.09725 0.09673 0.09622 0.09612
  0.09705 0.09697 0.09795 0.09926 0.09935 0.09858 0.10016 0.09974 0.09963
  0.10105 0.10068 0.1019  0.10262 0.10191 0.10256 0.10201 0.10333 0.1039
  0.10332 0.10376 0.10331 0.10579 0.10484 0.10457 0.10532 0.10549 0.10711
  0.10665 0.10779 0.10738 0.10729 0.10681 0.10824 0.10861 0.10807 0.10908
  0.10916 0.1093  0.10923 0.11007 0.11006 0.11144 0.11074 0.11233 0.11292
  0.11382 0.11348 0.11318 0.11214 0.11459 0.11399 0.11407 0.1137  0.115
  0.1156  0.11576 0.11684 0.11653 0.11739 0.1171  0.11774 0.11792 0.11787
  0.1186  0.11929 0.1192  0.11886 0.12199 0.12076 0.12075 0.12136 0.12045
  0.12222 0.12252 0.12052 0.12213 0.12193 0.12259 0.12447 0.12259 0.12286
  0.12426 0.1254  0.12576 0.12558 0.1244  0.12633 0.12696 0.12643 0.12684
  0.12804 0.12758 0.12769 0.12751 0.12683 0.12927 0.12841 0.1295  0.1296
  0.13111 0.1298  0.13219 0.13141 0.13137 0.13243 0.1312  0.13208 0.13186
  0.13312 0.13234 0.13381 0.1351  0.13369 0.1351  0.13388 0.1372  0.13582
  0.13582 0.13513 0.13612 0.13667 0.13723 0.13777 0.13784 0.13871 0.13927
  0.14007 0.13914 0.1382  0.13913 0.14002 0.14021 0.14124 0.14114 0.14033
  0.14176 0.14084 0.1422  0.14293 0.14248 0.143   0.14342 0.14402 0.14386
  0.14307 0.1443  0.14432 0.1461  0.14538 0.14667 0.14589 0.14683 0.14642
  0.14802 0.14678 0.1487  0.148   0.14887 0.14915 0.14892 0.15073 0.14982
  0.1506  0.14943 0.15145 0.15075 0.15092 0.1518  0.15071 0.15157 0.15202
  0.15075 0.15254 0.15377 0.15215 0.1538  0.15469 0.15423 0.15474 0.15433
  0.15607 0.15494 0.1561  0.15502 0.15469 0.15719 0.15701 0.15686 0.15743
  0.15875 0.1584  0.15697 0.15856 0.15838 0.15973 0.15949 0.15896 0.16018
  0.16096 0.16109 0.16117 0.16161 0.16195 0.16132 0.16122 0.16153 0.1628
  0.16294 0.16346 0.16282 0.16469 0.16479 0.16346 0.16525 0.16543 0.16502
  0.16607 0.16592 0.16597 0.16687 0.16712 0.16688 0.16706 0.16812 0.16867
  0.16885 0.16824 0.169   0.1704  0.169   0.16899 0.16875 0.17093 0.17052
  0.17096 0.17115 0.17108 0.17245 0.17242 0.17241 0.17193 0.17234 0.17322
  0.17418 0.17422 0.17336 0.17387 0.17408 0.17487 0.17459 0.17385 0.17482
  0.17555 0.17559 0.17596 0.17613 0.17571 0.17545 0.17635 0.1761  0.17746
  0.17673 0.17796 0.17713 0.17762 0.17804 0.17757 0.17879 0.17887 0.1793
  0.17831 0.17887 0.17974 0.18092 0.18008 0.17972 0.18031 0.18119 0.1806
  0.18113 0.18032 0.18004 0.18064 0.18039 0.18257 0.18146 0.1814  0.18233
  0.18325 0.18329 0.18394 0.18388 0.1815  0.18314 0.18346 0.1843  0.18365
  0.1831  0.18355 0.18385 0.18615 0.18475 0.18474 0.18401 0.18539 0.1858
  0.18556 0.1857  0.18563 0.1854  0.1859  0.18649 0.18623 0.18677 0.18718
  0.18764 0.18704 0.18705 0.18677 0.18812 0.18787 0.18718 0.1873  0.18849
  0.18823 0.18796 0.18873 0.18785 0.18862 0.18818 0.18904 0.18882 0.18852
  0.18931 0.18819 0.18913 0.18938 0.1902  0.18868 0.18932 0.18887 0.1894
  0.18911 0.18924 0.18874 0.18947 0.18903 0.18982 0.19026 0.18938 0.19074
  0.19012 0.19009 0.18972 0.1891  0.18998 0.18951 0.18875 0.18884 0.19013
  0.18981 0.18957 0.1882  0.18909 0.18837 0.18904 0.19065 0.18917 0.1898
  0.18935 0.18786 0.19038 0.19045 0.1885  0.18921 0.18845 0.18823 0.18826
  0.18938 0.19045 0.18887 0.18932 0.1898  0.18974 0.18861 0.18732 0.18841
  0.18935 0.18907 0.19014 0.18979 0.18782 0.19012 0.18857 0.18785 0.18981
  0.18923 0.18884 0.18715 0.18937 0.1884  0.18847 0.18871 0.18874 0.18895
  0.18697 0.18864 0.18752 0.18788 0.18778 0.18896 0.1878  0.1873  0.18814
  0.18804 0.18693 0.18793 0.1887  0.18775 0.1877  0.18623 0.18642 0.18832
  0.18682 0.18685]
 [0.0231  0.02275 0.02278 0.02304 0.02251 0.02258 0.02215 0.02206 0.02239
  0.02228 0.02229 0.022   0.02116 0.02202 0.02231 0.02146 0.02225 0.0219
  0.02204 0.02245 0.02139 0.02274 0.02145 0.02189 0.02141 0.02064 0.02088
  0.02161 0.02196 0.0217  0.02209 0.02182 0.02243 0.0218  0.02142 0.02135
  0.02191 0.02174 0.02079 0.02179 0.02231 0.02148 0.02177 0.02196 0.02136
  0.02177 0.02172 0.0208  0.02223 0.02179 0.02325 0.02161 0.02247 0.02226
  0.0221  0.02123 0.02202 0.02121 0.02182 0.02176 0.02123 0.02101 0.02195
  0.02256 0.02155 0.02199 0.02225 0.02198 0.02256 0.02142 0.02277 0.02183
  0.02229 0.02204 0.02221 0.02253 0.02115 0.02087 0.02219 0.02139 0.0223
  0.02254 0.02144 0.02222 0.02184 0.02281 0.02245 0.02194 0.02144 0.0213
  0.02159 0.02208 0.02139 0.02169 0.02156 0.02129 0.02197 0.02161 0.02178
  0.02136 0.02243 0.02094 0.02172 0.02191 0.02082 0.02214 0.02264 0.02196
  0.02159 0.02181 0.02236 0.02252 0.0227  0.02171 0.02166 0.02215 0.02264
  0.0219  0.02203 0.0217  0.0227  0.02272 0.02222 0.02217 0.02251 0.02201
  0.02203 0.02113 0.02203 0.02213 0.02221 0.02176 0.0235  0.0228  0.02136
  0.02256 0.02234 0.0227  0.02203 0.0222  0.02172 0.02277 0.023   0.02198
  0.02211 0.02237 0.02231 0.02098 0.02249 0.0223  0.02266 0.02234 0.02365
  0.02267 0.02271 0.02342 0.02251 0.02246 0.02142 0.02261 0.02358 0.02282
  0.02263 0.02366 0.02333 0.02287 0.0233  0.02317 0.02334 0.02282 0.02341
  0.02272 0.02411 0.02243 0.02311 0.02279 0.02252 0.0225  0.02292 0.02354
  0.0224  0.02318 0.02344 0.02293 0.0234  0.02346 0.02297 0.02306 0.02255
  0.02328 0.02253 0.02394 0.02341 0.0233  0.02424 0.02361 0.02384 0.02401
  0.02438 0.02372 0.02339 0.02371 0.02278 0.02286 0.02428 0.02412 0.02302
  0.02356 0.02359 0.02379 0.02407 0.02427 0.02289 0.02367 0.02464 0.02387
  0.02477 0.0232  0.02357 0.02417 0.02518 0.02427 0.02484 0.0249  0.02428
  0.02492 0.02427 0.02428 0.02469 0.02445 0.02613 0.02459 0.02482 0.02469
  0.02497 0.02415 0.02535 0.02511 0.02491 0.02443 0.02347 0.02512 0.02548
  0.02486 0.02387 0.02479 0.025   0.02449 0.02482 0.02431 0.02451 0.02557
  0.02438 0.02492 0.02474 0.0246  0.02494 0.02489 0.02504 0.02561 0.0245
  0.02508 0.02553 0.02387 0.02462 0.02475 0.02501 0.02524 0.02445 0.02453
  0.0251  0.02593 0.02524 0.02509 0.0258  0.02327 0.02576 0.02487 0.02553
  0.02486 0.02468 0.02434 0.02504 0.02497 0.02622 0.02544 0.02527 0.02594
  0.02564 0.02541 0.02531 0.02508 0.02578 0.02494 0.02568 0.02498 0.0261
  0.0257  0.02591 0.02597 0.02566 0.02659 0.02594 0.02564 0.02737 0.02667
  0.02583 0.02675 0.0274  0.02689 0.02789 0.02837 0.02742 0.02772 0.02671
  0.02781 0.02798 0.02836 0.02803 0.02801 0.02849 0.02936 0.02858 0.02819
  0.0287  0.02909 0.02871 0.02829 0.02828 0.02847 0.029   0.02954 0.0289
  0.02889 0.02909 0.03001 0.02986 0.03061 0.03011 0.02946 0.02904 0.03043
  0.03048 0.03047 0.03061 0.02979 0.03028 0.03101 0.02963 0.03192 0.03003
  0.03038 0.03085 0.03023 0.03061 0.0308  0.03022 0.03073 0.03041 0.03085
  0.03054 0.03148 0.03127 0.0308  0.03035 0.03109 0.03075 0.03046 0.0313
  0.02993 0.03104 0.03224 0.03116 0.03114 0.03067 0.03136 0.03112 0.0307
  0.03069 0.03167 0.03149 0.03044 0.03094 0.03081 0.03069 0.03084 0.03018
  0.03255 0.03074 0.03061 0.0307  0.03004 0.02963 0.0303  0.0302  0.03083
  0.02969 0.02963 0.03086 0.03142 0.03075 0.03027 0.02965 0.02965 0.02912
  0.02846 0.03046 0.02993 0.0294  0.0297  0.03005 0.02956 0.02925 0.03117
  0.03071 0.03036 0.02957 0.0309  0.02973 0.02962 0.02974 0.02996 0.02921
  0.03007 0.02928 0.02923 0.02978 0.02943 0.02966 0.02969 0.0297  0.02994
  0.02945 0.02948 0.0298  0.02977 0.03047 0.02976 0.03093 0.03005 0.03066
  0.03024 0.03169 0.03107 0.02964 0.02993 0.03162 0.03118 0.03125 0.03065
  0.03075 0.03148 0.03123 0.03237 0.03044 0.03119 0.03155 0.03114 0.03177
  0.03059 0.03133 0.03096 0.03216 0.03159 0.03237 0.03156 0.03212 0.03175
  0.03281 0.03306 0.03249 0.03378 0.0336  0.03323 0.03374 0.03186 0.03309
  0.03336 0.03417 0.03374 0.03397 0.0339  0.03303 0.03497 0.03436 0.03534
  0.03586 0.03594 0.03551 0.03557 0.03569 0.03592 0.03675 0.03646 0.0356
  0.03652 0.03755 0.03633 0.0373  0.0368  0.03812 0.03703 0.03828 0.03734
  0.03841 0.03862 0.03676 0.03811 0.03886 0.03834 0.03887 0.03896 0.03915
  0.03954 0.04016 0.04008 0.04006 0.03926 0.0395  0.04076 0.03995 0.04071
  0.04131 0.04137 0.04088 0.04023 0.04097 0.04188 0.04088 0.04233 0.04149
  0.04271 0.04167 0.04216 0.04309 0.04208 0.04286 0.04284 0.04289 0.04195
  0.04293 0.04421 0.04438 0.04402 0.04341 0.04291 0.04409 0.04335 0.04448
  0.04418 0.04575 0.04505 0.04562 0.04564 0.04597 0.04515 0.04463 0.04616
  0.04597 0.04735 0.04632 0.04705 0.04585 0.04677 0.04664 0.04793 0.04886
  0.04819 0.04807 0.04842 0.04978 0.04903 0.05033 0.04884 0.04888 0.04984
  0.04904 0.04965 0.04849 0.05039 0.05137 0.0516  0.05107 0.0513  0.05243
  0.05238 0.05333 0.05325 0.05266 0.05203 0.05209 0.05327 0.05483 0.05378
  0.0538  0.05411 0.05475 0.05375 0.05525 0.05532 0.05587 0.05499 0.05758
  0.05594 0.05745 0.05687 0.0575  0.05752 0.05735 0.05756 0.05789 0.05987
  0.05908 0.05862 0.05848 0.05895 0.05994 0.06053 0.0601  0.05988 0.06063
  0.06198 0.06076 0.06237 0.06137 0.06286 0.06362 0.06262 0.06422 0.06281
  0.06303 0.06395 0.06558 0.06424 0.0652  0.06455 0.06463 0.06604 0.06539
  0.06633 0.06776 0.06755 0.0675  0.06818 0.06801 0.06702 0.06873 0.06857
  0.06978 0.06963 0.06999 0.07061 0.0707  0.07062 0.07059 0.07126 0.07202
  0.07053 0.07156 0.07285 0.0723  0.07298 0.07394 0.07417 0.07411 0.07394
  0.07427 0.07426 0.07467 0.07576 0.07657 0.07601 0.07438 0.07639 0.0769
  0.0777  0.0762  0.07755 0.07831 0.07889 0.07842 0.07852 0.07927 0.07762
  0.0796  0.0782  0.07993 0.08043 0.08148 0.08089 0.08072 0.08175 0.08211
  0.08198 0.0812  0.08171 0.0819  0.08308 0.08238 0.08453 0.08417 0.08304
  0.08521 0.08442 0.08465 0.08573 0.08357 0.08634 0.08466 0.08492 0.08551
  0.08636 0.0866  0.08652 0.08709 0.08705 0.08779 0.08734 0.08702 0.0874
  0.08774 0.0886  0.08911 0.08855 0.08931 0.08743 0.08936 0.08931 0.08939
  0.09014 0.09001 0.08987 0.08945 0.09029 0.09049 0.09041 0.09028 0.09005
  0.0913  0.09086 0.09153 0.09199 0.0928  0.09161 0.09324 0.09222 0.09275
  0.09252 0.09388 0.09293 0.094   0.09371 0.09429 0.09354 0.09439 0.0938
  0.09471 0.09306 0.09347 0.09429 0.09392 0.09456 0.09434 0.09486 0.09501
  0.09554 0.09583 0.09636 0.09725 0.09617 0.09672 0.09711 0.09701 0.09792
  0.09762 0.09814 0.09768 0.0969  0.09825 0.09739 0.09891 0.09955 0.09934
  0.09985 0.09918 0.09972 0.09923 0.10014 0.10076 0.09983 0.1002  0.10167
  0.10105 0.10071 0.10136 0.10117 0.10167 0.10145 0.10124 0.10327 0.1026
  0.10278 0.1038  0.10332 0.10466 0.10446 0.10511 0.10543 0.1044  0.10626
  0.10724 0.10535 0.10526 0.10644 0.10731 0.10507 0.10606 0.10776 0.10823
  0.10819 0.1094  0.10823 0.10856 0.10829 0.1092  0.11001 0.11069 0.11075
  0.11045 0.11071 0.11178 0.11096 0.11204 0.11144 0.11114 0.11173 0.11255
  0.11228 0.11297 0.11273 0.11259 0.11386 0.1134  0.11432 0.11442 0.11418
  0.11425 0.11535 0.11405 0.11591 0.11563 0.11606 0.11563 0.11685 0.11688
  0.11709 0.118   0.11822 0.11713 0.11734 0.11843 0.11907 0.11841 0.11995
  0.11943 0.11886 0.1199  0.12097 0.12118 0.12069 0.12066 0.12123 0.12102
  0.12152 0.12174 0.12178 0.12217 0.12182 0.12209 0.12129 0.12367 0.12318
  0.12335 0.12353 0.12363 0.12416 0.12453 0.12542 0.12441 0.12388 0.12431
  0.12475 0.12552 0.12496 0.12612 0.12602 0.12484 0.12664 0.1262  0.12561
  0.12521 0.12691 0.1273  0.12669 0.12721 0.12797 0.12782 0.12825 0.1266
  0.12827 0.12849 0.12916 0.12773 0.12893 0.12879 0.12922 0.12873 0.12835
  0.12961 0.12953 0.12971 0.13058 0.13046 0.12937 0.12978 0.12989 0.12954
  0.13014 0.13103 0.13053 0.12973 0.13239 0.13007 0.13024 0.13132 0.13177
  0.13144 0.13038 0.13141 0.1308  0.13148 0.13109 0.13095 0.13087 0.13206
  0.13197 0.131   0.13178 0.13244 0.13354 0.13105 0.13375 0.13232 0.1324
  0.13183 0.13145 0.13268 0.1336  0.13449 0.13277 0.13264 0.13347 0.13301
  0.13363 0.13455 0.13298 0.13353 0.13369 0.13437 0.13318 0.13263 0.13392
  0.13394 0.13334 0.13227 0.1334  0.13302 0.13374 0.13338 0.13252 0.13289
  0.13424 0.13393 0.1338  0.13283 0.13325 0.13435 0.13323 0.13457 0.13377
  0.13447 0.13475 0.13486 0.13439 0.13483 0.13405 0.13543 0.13429 0.13469
  0.13329 0.13325]
 [0.02195 0.02114 0.02118 0.02114 0.02139 0.02039 0.021   0.02118 0.02118
  0.02066 0.02031 0.0208  0.02046 0.02051 0.02024 0.02027 0.02033 0.02002
  0.02009 0.02016 0.02032 0.02043 0.02096 0.02019 0.02011 0.02081 0.02098
  0.02018 0.0208  0.01991 0.02082 0.01941 0.02028 0.02047 0.021   0.02018
  0.02057 0.0206  0.01959 0.02072 0.02041 0.01965 0.01984 0.02053 0.01985
  0.02062 0.02046 0.02039 0.01972 0.01934 0.02063 0.0198  0.02083 0.01997
  0.02048 0.0195  0.01999 0.02004 0.0202  0.01983 0.01968 0.01987 0.01928
  0.01977 0.01954 0.01995 0.02014 0.0195  0.02066 0.02033 0.02019 0.01979
  0.01989 0.01938 0.01978 0.01991 0.01984 0.01985 0.01945 0.02019 0.01982
  0.01883 0.02034 0.02113 0.01961 0.02089 0.01923 0.0186  0.02004 0.01964
  0.02084 0.01972 0.01903 0.01981 0.01971 0.01966 0.01951 0.01959 0.02047
  0.01973 0.01992 0.01962 0.01947 0.01997 0.02005 0.02017 0.01952 0.01958
  0.02017 0.01983 0.02027 0.01972 0.01948 0.01897 0.01965 0.02036 0.01961
  0.01996 0.0203  0.01994 0.01954 0.02078 0.02022 0.02095 0.02049 0.02037
  0.02055 0.02168 0.02079 0.01985 0.02056 0.02194 0.02094 0.02058 0.02002
  0.02068 0.02088 0.0203  0.02038 0.02132 0.02073 0.02157 0.02023 0.02063
  0.02126 0.0206  0.02144 0.02053 0.0206  0.02009 0.02156 0.02014 0.02086
  0.02109 0.0211  0.02127 0.02118 0.0208  0.02073 0.02085 0.02077 0.0207
  0.02095 0.02268 0.02133 0.02095 0.02148 0.02131 0.02218 0.02186 0.02185
  0.02208 0.02144 0.02145 0.02241 0.02232 0.02209 0.02172 0.02163 0.02173
  0.02192 0.02144 0.02146 0.02108 0.02158 0.02213 0.02163 0.02171 0.02212
  0.02229 0.0229  0.02303 0.02268 0.02335 0.0225  0.02218 0.02333 0.02187
  0.02365 0.02348 0.02359 0.02308 0.02299 0.02389 0.02436 0.02301 0.02369
  0.02305 0.02283 0.02326 0.02389 0.02434 0.02341 0.02386 0.02411 0.02371
  0.02339 0.02383 0.02354 0.02466 0.02452 0.02451 0.02453 0.02364 0.02354
  0.02509 0.02444 0.02383 0.02379 0.02373 0.02397 0.02393 0.02357 0.02391
  0.02439 0.02452 0.02381 0.0242  0.02385 0.02398 0.02366 0.02389 0.02455
  0.02454 0.02404 0.02379 0.02344 0.02436 0.02324 0.02349 0.02356 0.02447
  0.02323 0.02479 0.02389 0.0233  0.02389 0.0231  0.02436 0.0234  0.02291
  0.02214 0.02413 0.02204 0.0223  0.022   0.02229 0.02154 0.02182 0.02212
  0.02272 0.02161 0.0223  0.02164 0.02257 0.02312 0.02192 0.0215  0.0216
  0.02176 0.02177 0.02173 0.0219  0.02264 0.02297 0.02186 0.02294 0.02223
  0.0228  0.02277 0.02318 0.0229  0.0229  0.02369 0.02372 0.02275 0.02264
  0.02335 0.02346 0.02427 0.02488 0.02391 0.02471 0.02473 0.02338 0.02389
  0.02428 0.0251  0.02466 0.02431 0.02523 0.02584 0.02529 0.02519 0.02423
  0.02381 0.0234  0.02519 0.02448 0.02476 0.02451 0.02342 0.02508 0.02472
  0.0257  0.02517 0.02609 0.0246  0.02543 0.02565 0.02583 0.02546 0.02603
  0.02512 0.02494 0.02628 0.02592 0.02615 0.02596 0.02492 0.0253  0.02494
  0.02487 0.02477 0.02389 0.02473 0.02516 0.02546 0.02489 0.02433 0.02517
  0.02509 0.02584 0.02532 0.02539 0.02552 0.02489 0.02504 0.02492 0.02443
  0.02342 0.02583 0.0254  0.02563 0.02525 0.02477 0.02503 0.02604 0.02534
  0.02577 0.02577 0.0259  0.02498 0.02485 0.02451 0.02489 0.02549 0.02571
  0.02482 0.02553 0.0247  0.02403 0.02443 0.02383 0.02503 0.0249  0.02498
  0.0252  0.02416 0.02395 0.02418 0.02528 0.02448 0.02497 0.02465 0.02515
  0.02504 0.02492 0.02543 0.02491 0.02545 0.02599 0.02512 0.02486 0.02467
  0.02503 0.02532 0.02575 0.02599 0.02545 0.02612 0.02475 0.02643 0.02606
  0.02697 0.02635 0.02707 0.02595 0.02675 0.0264  0.02709 0.02696 0.02688
  0.02622 0.02723 0.02799 0.02747 0.02785 0.02787 0.02811 0.02798 0.02786
  0.02887 0.02835 0.02859 0.02836 0.02879 0.02873 0.02927 0.02909 0.03023
  0.02899 0.02966 0.02933 0.03034 0.02997 0.03057 0.0304  0.03021 0.031
  0.03065 0.03009 0.03077 0.03088 0.03124 0.03091 0.03143 0.03175 0.03157
  0.03177 0.03269 0.03237 0.03264 0.03238 0.03294 0.03294 0.03309 0.03384
  0.03374 0.03234 0.03347 0.03286 0.0334  0.03451 0.03344 0.03329 0.03385
  0.03441 0.03411 0.03455 0.03451 0.03579 0.0353  0.0344  0.03577 0.03499
  0.0351  0.03564 0.03554 0.03595 0.0355  0.03596 0.03571 0.03672 0.03562
  0.0351  0.03523 0.03599 0.03601 0.03674 0.0371  0.03603 0.03634 0.03659
  0.03626 0.03646 0.03705 0.03622 0.03673 0.03764 0.03687 0.03652 0.03609
  0.03632 0.03628 0.0364  0.0372  0.03602 0.03737 0.03638 0.03627 0.03655
  0.03641 0.03543 0.03716 0.03666 0.03592 0.03624 0.03618 0.03606 0.03649
  0.03529 0.03592 0.03556 0.03576 0.03659 0.03625 0.03617 0.03524 0.03657
  0.03666 0.0367  0.03617 0.0359  0.03697 0.03614 0.03611 0.0366  0.03601
  0.03556 0.03674 0.03652 0.03733 0.03555 0.03626 0.03645 0.03494 0.03546
  0.03596 0.03608 0.03673 0.03715 0.0365  0.0366  0.03681 0.03631 0.03704
  0.03687 0.03679 0.03719 0.03617 0.03819 0.03596 0.03688 0.03786 0.03745
  0.03718 0.03747 0.03754 0.03831 0.03705 0.03735 0.03697 0.03831 0.03726
  0.03806 0.03842 0.03827 0.038   0.03904 0.03732 0.03796 0.03922 0.03801
  0.03949 0.03882 0.03871 0.03905 0.03896 0.04037 0.03993 0.03993 0.04022
  0.03957 0.03994 0.04034 0.04071 0.04078 0.0404  0.04081 0.04088 0.04098
  0.04072 0.04143 0.04108 0.0419  0.04113 0.04197 0.04076 0.04192 0.04127
  0.04159 0.04131 0.04304 0.04112 0.04122 0.04262 0.04201 0.04229 0.04209
  0.04202 0.04263 0.04332 0.0429  0.04336 0.04278 0.04312 0.04306 0.04364
  0.04359 0.04281 0.04391 0.04359 0.04451 0.04409 0.04414 0.04435 0.04437
  0.0438  0.04499 0.04416 0.04472 0.04369 0.04445 0.04439 0.04409 0.04604
  0.04491 0.04539 0.04616 0.04561 0.04579 0.04541 0.04535 0.04636 0.04646
  0.04752 0.04625 0.04636 0.04817 0.04657 0.04849 0.04728 0.04792 0.04722
  0.04794 0.04877 0.0503  0.04913 0.05028 0.04991 0.04964 0.0507  0.0511
  0.05062 0.05081 0.05179 0.05172 0.05198 0.05103 0.05279 0.05282 0.05232
  0.05275 0.05351 0.05453 0.05348 0.05417 0.05324 0.05447 0.05513 0.05642
  0.05504 0.05556 0.05474 0.0558  0.05592 0.05775 0.0564  0.057   0.05698
  0.05738 0.05788 0.0573  0.05905 0.05944 0.05856 0.05965 0.06005 0.05915
  0.06115 0.05942 0.05961 0.06155 0.06041 0.06101 0.06165 0.06072 0.06181
  0.061   0.0614  0.06182 0.06182 0.06161 0.06201 0.06292 0.06224 0.06274
  0.06266 0.06474 0.06389 0.06428 0.06375 0.06444 0.06463 0.06508 0.06481
  0.0647  0.06507 0.0647  0.06389 0.06649 0.06464 0.06647 0.06586 0.0659
  0.06621 0.06721 0.06655 0.06776 0.06698 0.06703 0.06763 0.06811 0.068
  0.06841 0.06778 0.06866 0.06809 0.06986 0.06909 0.06891 0.06935 0.06943
  0.06971 0.07004 0.07058 0.06966 0.07011 0.07035 0.07046 0.07047 0.07051
  0.07185 0.07175 0.07033 0.07115 0.0719  0.07145 0.07278 0.07331 0.07309
  0.07338 0.07324 0.07273 0.07378 0.07462 0.07401 0.07376 0.07215 0.07407
  0.07439 0.07502 0.07445 0.07661 0.07567 0.07653 0.07566 0.07594 0.07644
  0.07599 0.07719 0.07661 0.0768  0.07691 0.07769 0.07736 0.07721 0.07744
  0.07795 0.07916 0.07916 0.07793 0.07919 0.07807 0.07903 0.08006 0.07967
  0.08086 0.08082 0.08069 0.08086 0.08079 0.08121 0.08014 0.0815  0.08208
  0.08222 0.08177 0.08289 0.0821  0.08226 0.08406 0.08236 0.08237 0.08307
  0.08359 0.08426 0.08532 0.08475 0.08434 0.08452 0.08522 0.08461 0.08514
  0.08489 0.08536 0.08535 0.0863  0.08521 0.08777 0.08637 0.08635 0.08719
  0.0875  0.08764 0.08719 0.08805 0.08887 0.08939 0.08825 0.08835 0.08854
  0.08828 0.08934 0.08909 0.09062 0.08949 0.0903  0.09068 0.09021 0.08965
  0.08984 0.08964 0.08997 0.0916  0.09038 0.09074 0.09024 0.09068 0.0919
  0.09157 0.09165 0.09115 0.09243 0.09295 0.09198 0.09288 0.09228 0.09292
  0.09206 0.09243 0.09208 0.09342 0.09248 0.09319 0.09369 0.09219 0.09345
  0.09275 0.09506 0.09292 0.09489 0.09326 0.09262 0.09317 0.09405 0.09418
  0.09371 0.09517 0.09407 0.0943  0.0939  0.09448 0.09452 0.09463 0.09548
  0.09533 0.09503 0.09467 0.0954  0.09631 0.09497 0.09453 0.09528 0.09542
  0.09497 0.09555 0.09575 0.09643 0.09728 0.09563 0.09616 0.09702 0.09619
  0.09692 0.0966  0.09693 0.0967  0.09666 0.09713 0.09742 0.09743 0.09861
  0.09853 0.09748 0.09792 0.09922 0.09904 0.09795 0.09897 0.09823 0.09813
  0.09958 0.09859 0.09949 0.099   0.09929 0.09901 0.09921 0.09961 0.09992
  0.10002 0.10072 0.10048 0.10017 0.09986 0.10119 0.10015 0.10089 0.10036
  0.10072 0.10078 0.10036 0.1009  0.10135 0.10123 0.10023 0.1002  0.10065
  0.10075 0.10089 0.10162 0.10085 0.10136 0.10066 0.10246 0.10086 0.10194
  0.10092 0.101  ]
 [0.02116 0.02133 0.02168 0.02135 0.02072 0.02172 0.01993 0.0203  0.0213
  0.02071 0.02    0.01967 0.02106 0.02077 0.02078 0.01985 0.02095 0.02086
  0.02062 0.02001 0.02085 0.02053 0.02131 0.02117 0.02107 0.02051 0.02101
  0.02014 0.02138 0.02064 0.02081 0.02131 0.02123 0.02048 0.02152 0.0201
  0.02244 0.02191 0.02135 0.02143 0.02129 0.02178 0.02217 0.02214 0.02243
  0.0218  0.02258 0.0221  0.02158 0.02291 0.02169 0.02218 0.0221  0.02268
  0.02229 0.02211 0.02265 0.02231 0.02258 0.02302 0.02268 0.02253 0.02185
  0.02232 0.02154 0.02262 0.02206 0.02239 0.02315 0.02264 0.02156 0.02224
  0.02239 0.02224 0.02323 0.02247 0.0226  0.02244 0.02304 0.02258 0.02227
  0.02307 0.02319 0.02261 0.0217  0.02277 0.02275 0.02352 0.02227 0.0239
  0.0232  0.0226  0.02214 0.02285 0.02294 0.02433 0.02279 0.02323 0.02345
  0.02364 0.02382 0.0234  0.02304 0.0233  0.02405 0.02391 0.02463 0.02433
  0.02391 0.02369 0.02368 0.02469 0.02467 0.02426 0.02463 0.02458 0.02391
  0.02361 0.02452 0.02432 0.02514 0.025   0.02516 0.02421 0.02466 0.02422
  0.02433 0.0249  0.02404 0.02517 0.02444 0.02462 0.02456 0.02482 0.02407
  0.02458 0.02556 0.02445 0.02374 0.02458 0.02395 0.02476 0.02414 0.02436
  0.02385 0.02481 0.02465 0.02498 0.02438 0.02514 0.02469 0.02412 0.02433
  0.0234  0.02413 0.02429 0.02399 0.02501 0.02542 0.02451 0.02393 0.02423
  0.02395 0.02431 0.02517 0.02398 0.02444 0.02425 0.02471 0.0251  0.02463
  0.02483 0.02554 0.02426 0.02496 0.02484 0.02439 0.02485 0.02477 0.02468
  0.02621 0.02566 0.02502 0.02519 0.0247  0.02587 0.02498 0.02643 0.02553
  0.02559 0.02542 0.02612 0.02647 0.02556 0.02597 0.02721 0.02565 0.02674
  0.02661 0.02647 0.02599 0.02612 0.02633 0.02689 0.02591 0.0275  0.02618
  0.02791 0.02681 0.02625 0.02789 0.0278  0.02727 0.02749 0.02794 0.02826
  0.02699 0.0284  0.02723 0.02778 0.02846 0.02829 0.0273  0.02835 0.02922
  0.02845 0.02894 0.02909 0.0281  0.02885 0.02926 0.02805 0.02842 0.029
  0.02886 0.02888 0.02884 0.03004 0.02921 0.02986 0.03051 0.02853 0.02981
  0.02938 0.02997 0.02931 0.02901 0.02996 0.02977 0.03089 0.02967 0.03026
  0.0304  0.0317  0.03071 0.03089 0.03118 0.03007 0.03082 0.03066 0.03088
  0.03184 0.03026 0.03022 0.03044 0.03147 0.03088 0.03152 0.03115 0.03158
  0.03123 0.03101 0.03182 0.03267 0.03184 0.03223 0.03278 0.03157 0.03204
  0.03297 0.03252 0.03138 0.0314  0.03127 0.03198 0.03222 0.0315  0.03104
  0.03129 0.0319  0.03168 0.03167 0.03206 0.03211 0.03196 0.03106 0.03059
  0.03125 0.03193 0.03139 0.0312  0.03178 0.03021 0.03153 0.0302  0.02999
  0.03102 0.03017 0.03065 0.02976 0.03014 0.02988 0.02955 0.03049 0.02974
  0.0302  0.03043 0.0296  0.03126 0.0304  0.03131 0.03011 0.03019 0.03091
  0.03129 0.03027 0.03106 0.03204 0.03067 0.03029 0.03019 0.03145 0.0316
  0.03158 0.03074 0.0316  0.03194 0.03171 0.03082 0.03161 0.03105 0.03133
  0.03103 0.03193 0.03083 0.03161 0.0316  0.03263 0.03157 0.03048 0.03246
  0.03231 0.03179 0.03148 0.03225 0.03201 0.03251 0.03197 0.03254 0.03217
  0.032   0.03306 0.03234 0.03307 0.0324  0.03337 0.03269 0.03373 0.03311
  0.03254 0.03225 0.03276 0.03244 0.03388 0.03341 0.03283 0.0322  0.03282
  0.03318 0.03207 0.03241 0.03311 0.03338 0.03416 0.03462 0.03359 0.03464
  0.03329 0.03402 0.03435 0.03486 0.03497 0.03382 0.03412 0.03475 0.03398
  0.03488 0.03374 0.03504 0.03551 0.03501 0.03525 0.03468 0.03471 0.03525
  0.03509 0.03505 0.03468 0.03561 0.03473 0.03465 0.03465 0.03519 0.03548
  0.03618 0.0358  0.03558 0.03589 0.03561 0.0361  0.03598 0.03602 0.03695
  0.03605 0.03681 0.03572 0.03689 0.03702 0.03693 0.0369  0.03724 0.03607
  0.03748 0.03792 0.03796 0.0373  0.03706 0.03861 0.03795 0.03945 0.03874
  0.03842 0.03883 0.03761 0.03764 0.0377  0.03935 0.03934 0.03897 0.03912
  0.03959 0.03969 0.03996 0.03979 0.04091 0.03974 0.03948 0.04027 0.04066
  0.03971 0.04028 0.04252 0.04101 0.04089 0.0409  0.04167 0.04223 0.04165
  0.04204 0.04258 0.04381 0.04345 0.04309 0.04377 0.0431  0.04464 0.04403
  0.04569 0.04405 0.04543 0.04451 0.04536 0.04515 0.045   0.04539 0.04548
  0.0459  0.0463  0.04648 0.0458  0.04671 0.04641 0.04793 0.04763 0.04754
  0.04722 0.04807 0.04853 0.04826 0.04912 0.04793 0.0488  0.04893 0.04844
  0.04968 0.04878 0.05004 0.04937 0.04949 0.05015 0.04986 0.05045 0.05053
  0.04973 0.0517  0.0513  0.05051 0.05109 0.05086 0.05124 0.05131 0.05289
  0.05103 0.05212 0.05072 0.05171 0.05188 0.05148 0.05242 0.05211 0.05375
  0.0523  0.05292 0.05189 0.05234 0.05221 0.05284 0.05283 0.05327 0.05414
  0.05437 0.05369 0.05371 0.05509 0.05542 0.05566 0.05447 0.05491 0.05495
  0.05514 0.05467 0.0553  0.05584 0.05557 0.05627 0.05581 0.05576 0.05666
  0.05586 0.05564 0.0567  0.05746 0.05754 0.05825 0.05767 0.05793 0.0577
  0.05744 0.05866 0.05842 0.05749 0.05959 0.05851 0.05827 0.05944 0.06005
  0.05853 0.05989 0.05929 0.05894 0.06017 0.06038 0.06033 0.06038 0.06064
  0.06232 0.06102 0.061   0.06204 0.0605  0.06164 0.0627  0.06128 0.06146
  0.06108 0.06283 0.06263 0.06281 0.06365 0.06309 0.06385 0.064   0.06319
  0.06461 0.06393 0.06405 0.06474 0.0641  0.06381 0.06396 0.06436 0.0649
  0.06467 0.06516 0.06558 0.06571 0.06549 0.06656 0.0665  0.0662  0.06727
  0.06653 0.06688 0.0675  0.06913 0.06919 0.06859 0.06947 0.06949 0.0686
  0.0703  0.06891 0.07062 0.06942 0.07049 0.06994 0.07116 0.07193 0.07178
  0.07192 0.07081 0.07307 0.07316 0.07316 0.07298 0.07421 0.07368 0.07351
  0.07311 0.07472 0.07455 0.07468 0.0746  0.07484 0.07536 0.07548 0.07585
  0.07588 0.07627 0.07725 0.0769  0.07798 0.07773 0.07782 0.07799 0.0785
  0.07787 0.07874 0.07833 0.07906 0.07889 0.07868 0.08011 0.07961 0.08023
  0.08019 0.08145 0.0808  0.08132 0.08167 0.08099 0.08174 0.08186 0.08109
  0.08185 0.08285 0.08239 0.08314 0.08282 0.08416 0.08295 0.08239 0.08283
  0.08309 0.0832  0.08412 0.08436 0.08428 0.08419 0.08669 0.08491 0.08536
  0.08478 0.08551 0.08501 0.0858  0.08573 0.0863  0.08461 0.0876  0.08684
  0.0866  0.08703 0.08667 0.08765 0.08718 0.08657 0.0876  0.08806 0.08787
  0.08891 0.08857 0.08927 0.08796 0.08821 0.08804 0.08918 0.08844 0.08904
  0.08944 0.08847 0.08881 0.09008 0.0892  0.09033 0.09007 0.08919 0.08974
  0.08973 0.09002 0.09097 0.08953 0.09055 0.0899  0.09196 0.08953 0.08976
  0.09099 0.09108 0.09112 0.09163 0.09202 0.09212 0.09158 0.09308 0.09217
  0.09274 0.09248 0.09147 0.09219 0.09212 0.09301 0.09272 0.09322 0.09259
  0.0939  0.09302 0.09378 0.09262 0.09408 0.09329 0.09206 0.09353 0.0929
  0.09334 0.09497 0.09472 0.09418 0.09403 0.0945  0.09446 0.09447 0.09369
  0.09481 0.09606 0.09482 0.09413 0.09525 0.09559 0.09529 0.09634 0.09646
  0.09733 0.09731 0.09679 0.09736 0.09671 0.09753 0.09841 0.09749 0.09864
  0.09726 0.09748 0.09831 0.09825 0.09791 0.09817 0.09855 0.09892 0.10018
  0.09912 0.0995  0.09948 0.09951 0.10023 0.10098 0.10002 0.10091 0.10064
  0.10121 0.10053 0.10118 0.10137 0.10137 0.10224 0.10203 0.10286 0.10163
  0.1026  0.10252 0.103   0.10367 0.10256 0.10393 0.10445 0.10308 0.10282
  0.10265 0.10549 0.10419 0.1048  0.10546 0.10571 0.10447 0.1059  0.10502
  0.10426 0.10528 0.10514 0.10576 0.10601 0.10632 0.10708 0.10738 0.10671
  0.10749 0.10817 0.10773 0.10846 0.10788 0.10743 0.10884 0.1072  0.10926
  0.10981 0.1089  0.1079  0.10811 0.10925 0.10997 0.10919 0.1095  0.10945
  0.10963 0.10843 0.10917 0.11057 0.10957 0.11034 0.10994 0.11004 0.10994
  0.1098  0.10966 0.11117 0.1099  0.11064 0.11034 0.11098 0.11172 0.11095
  0.11119 0.11171 0.1108  0.11197 0.11168 0.11116 0.11234 0.11198 0.11078
  0.11291 0.11129 0.11224 0.11267 0.11262 0.1118  0.11236 0.1122  0.11313
  0.11173 0.11297 0.1123  0.11193 0.11313 0.1125  0.1135  0.11188 0.1132
  0.11355 0.11199 0.11402 0.11342 0.11397 0.11276 0.11366 0.11271 0.11367
  0.11319 0.11195 0.1135  0.11319 0.11347 0.11261 0.1125  0.11438 0.11176
  0.11361 0.11519 0.11298 0.11423 0.11459 0.11312 0.11471 0.11344 0.11327
  0.11314 0.11341 0.11312 0.11508 0.11303 0.11429 0.11303 0.11439 0.11349
  0.11518 0.11479 0.11525 0.1154  0.11394 0.11378 0.11504 0.11549 0.11396
  0.11477 0.11519 0.11523 0.11523 0.11502 0.11449 0.1159  0.116   0.11557
  0.11461 0.11416 0.11476 0.11402 0.11579 0.11611 0.11611 0.11438 0.1155
  0.11482 0.11645 0.11587 0.11495 0.11523 0.11637 0.11586 0.11678 0.11623
  0.11642 0.11516 0.11607 0.11569 0.11541 0.11611 0.11707 0.11638 0.11611
  0.11597 0.1162 ]
 [0.02252 0.02282 0.02167 0.0216  0.02121 0.02089 0.02102 0.02082 0.01985
  0.02037 0.02064 0.02078 0.02012 0.0213  0.02049 0.01986 0.02132 0.02084
  0.0203  0.02063 0.02084 0.02046 0.02059 0.02092 0.02083 0.01991 0.02009
  0.01982 0.02083 0.02051 0.02088 0.02044 0.02096 0.02086 0.02023 0.021
  0.02079 0.0211  0.02023 0.02072 0.02073 0.0208  0.0206  0.02127 0.02091
  0.02062 0.021   0.02157 0.02079 0.02087 0.02107 0.02043 0.02082 0.0206
  0.01976 0.02084 0.02005 0.02051 0.02067 0.02126 0.02066 0.02093 0.02108
  0.02    0.02161 0.02128 0.02064 0.02101 0.02009 0.02065 0.02056 0.02096
  0.02116 0.02086 0.02159 0.0209  0.02115 0.02113 0.021   0.02109 0.02138
  0.0207  0.02105 0.02145 0.02105 0.02152 0.02104 0.02103 0.02083 0.02014
  0.02151 0.02054 0.02112 0.02125 0.02069 0.02121 0.02091 0.02108 0.02092
  0.02075 0.02078 0.01994 0.02148 0.02108 0.02081 0.02071 0.02138 0.02093
  0.02097 0.02185 0.01996 0.02025 0.02072 0.02146 0.02024 0.02103 0.02163
  0.02158 0.02152 0.0216  0.02092 0.02182 0.02142 0.02161 0.02172 0.02165
  0.02076 0.02251 0.02234 0.02165 0.02212 0.02062 0.02196 0.02198 0.021
  0.02204 0.0219  0.02194 0.02183 0.02209 0.02187 0.02207 0.02196 0.023
  0.02191 0.02277 0.02224 0.02228 0.0225  0.0225  0.02253 0.02181 0.02187
  0.02247 0.02275 0.02191 0.02256 0.02356 0.02351 0.02313 0.02341 0.02263
  0.02301 0.02358 0.02298 0.02268 0.02338 0.02275 0.02367 0.02265 0.02358
  0.02331 0.02363 0.02365 0.02312 0.02448 0.02388 0.02295 0.02384 0.0238
  0.02418 0.0251  0.02442 0.02433 0.02405 0.02458 0.02459 0.02414 0.02533
  0.02317 0.02536 0.02516 0.02464 0.02451 0.02433 0.02452 0.02565 0.02554
  0.02536 0.02564 0.0251  0.02529 0.02491 0.02516 0.02575 0.02517 0.02615
  0.0261  0.0266  0.02608 0.02626 0.02678 0.02633 0.02718 0.02695 0.02699
  0.02696 0.02769 0.0279  0.02842 0.02793 0.02721 0.02758 0.02771 0.02727
  0.02759 0.02775 0.02817 0.02719 0.0276  0.02752 0.02718 0.02779 0.0281
  0.02684 0.02735 0.02783 0.02664 0.0276  0.02832 0.02819 0.02774 0.02692
  0.02864 0.02787 0.02829 0.02738 0.02811 0.02652 0.02579 0.02742 0.02692
  0.02593 0.02647 0.02744 0.0264  0.02661 0.02642 0.02693 0.02657 0.02544
  0.02659 0.02691 0.02579 0.02662 0.02763 0.02499 0.02672 0.02652 0.02718
  0.02624 0.02674 0.02671 0.02628 0.027   0.02668 0.02728 0.02655 0.0277
  0.02772 0.02694 0.02722 0.02728 0.02819 0.02823 0.02806 0.02815 0.0282
  0.02823 0.02862 0.02953 0.02988 0.02864 0.0284  0.02837 0.02937 0.02921
  0.02981 0.02922 0.02967 0.03016 0.02949 0.03098 0.03062 0.03112 0.03124
  0.03119 0.03124 0.03151 0.03138 0.03137 0.0326  0.03335 0.03326 0.03209
  0.03375 0.03322 0.03416 0.03319 0.03384 0.03446 0.03425 0.03593 0.03616
  0.03602 0.03579 0.0356  0.03547 0.03611 0.03616 0.03696 0.03678 0.03642
  0.03554 0.03662 0.03491 0.03739 0.03628 0.03779 0.03803 0.03802 0.03867
  0.03754 0.03745 0.03778 0.03868 0.03827 0.03614 0.03738 0.03812 0.03791
  0.03781 0.03855 0.038   0.03872 0.03824 0.03836 0.03688 0.03879 0.03761
  0.03877 0.03801 0.03957 0.03806 0.03774 0.03812 0.03826 0.03846 0.03761
  0.0381  0.03858 0.03822 0.03856 0.03855 0.03804 0.03727 0.03855 0.03821
  0.03794 0.03601 0.03835 0.03789 0.03683 0.03782 0.03842 0.03781 0.03738
  0.03647 0.03756 0.03745 0.0368  0.03741 0.0365  0.03775 0.03636 0.03599
  0.03664 0.03693 0.03701 0.0357  0.03544 0.03612 0.03679 0.03608 0.03638
  0.03629 0.03544 0.03734 0.03626 0.03541 0.03678 0.03685 0.03644 0.03733
  0.03684 0.03705 0.03533 0.03751 0.03653 0.03617 0.03629 0.03583 0.03678
  0.03692 0.0356  0.03714 0.03682 0.03632 0.03723 0.03792 0.03707 0.03798
  0.038   0.03761 0.03769 0.03724 0.03764 0.03735 0.03803 0.03799 0.03863
  0.03932 0.03848 0.04005 0.03899 0.03902 0.03974 0.03971 0.04012 0.0407
  0.04051 0.04033 0.04013 0.04104 0.04023 0.04119 0.04013 0.04065 0.04172
  0.04231 0.04219 0.04237 0.04248 0.04239 0.04259 0.04245 0.04204 0.04354
  0.04255 0.04383 0.04481 0.0437  0.04392 0.0439  0.04409 0.04488 0.04547
  0.0451  0.04531 0.04554 0.04595 0.04561 0.04599 0.04615 0.04482 0.0471
  0.04549 0.04678 0.04633 0.04607 0.04733 0.04808 0.04682 0.04739 0.04817
  0.047   0.04792 0.04692 0.04759 0.04819 0.0486  0.0481  0.0481  0.0497
  0.04838 0.0494  0.04895 0.04996 0.04937 0.04926 0.04977 0.05033 0.05093
  0.05021 0.0508  0.0503  0.0503  0.05081 0.05145 0.05117 0.05264 0.051
  0.0514  0.05097 0.05304 0.05234 0.05171 0.05178 0.05225 0.05297 0.05238
  0.05358 0.053   0.05392 0.05382 0.0526  0.05447 0.05442 0.0531  0.05378
  0.05408 0.05432 0.05499 0.05451 0.05469 0.05419 0.0551  0.05511 0.05489
  0.05362 0.05473 0.05499 0.05528 0.05571 0.05503 0.05468 0.05716 0.05535
  0.05606 0.05688 0.05588 0.05625 0.05711 0.05706 0.05722 0.05706 0.05682
  0.05724 0.05742 0.05758 0.05655 0.05753 0.05808 0.05826 0.05837 0.05923
  0.05828 0.0595  0.0593  0.05929 0.05949 0.05919 0.06016 0.06024 0.06033
  0.05954 0.05936 0.06118 0.06019 0.06151 0.06095 0.06061 0.06188 0.06103
  0.06196 0.06236 0.0614  0.06315 0.06328 0.06253 0.06339 0.06376 0.06356
  0.06409 0.06377 0.06372 0.06485 0.06431 0.06411 0.06419 0.06449 0.0653
  0.06482 0.06518 0.06563 0.06583 0.06512 0.06678 0.06576 0.06549 0.06649
  0.06636 0.06625 0.0665  0.06759 0.06857 0.06881 0.06643 0.06831 0.06796
  0.06836 0.06764 0.06717 0.06876 0.06885 0.06858 0.06866 0.06845 0.06992
  0.06961 0.07039 0.06942 0.0701  0.06999 0.0708  0.07085 0.07155 0.07254
  0.07257 0.07216 0.07173 0.07201 0.07389 0.0741  0.07307 0.07266 0.07319
  0.07374 0.07349 0.07422 0.07425 0.07467 0.07549 0.07534 0.07431 0.0754
  0.0755  0.07632 0.07522 0.07609 0.0758  0.07659 0.07702 0.07721 0.07845
  0.0762  0.07831 0.07835 0.07829 0.07819 0.07843 0.0785  0.07902 0.07965
  0.07892 0.08001 0.0804  0.08132 0.08026 0.08165 0.08128 0.08019 0.08217
  0.08348 0.08191 0.08184 0.08334 0.08257 0.08348 0.08375 0.08501 0.08302
  0.08494 0.08484 0.08476 0.08476 0.08567 0.08575 0.08498 0.08674 0.08814
  0.08616 0.0875  0.08683 0.08826 0.08807 0.08796 0.08811 0.0878  0.08891
  0.08893 0.08869 0.08869 0.09025 0.09033 0.09028 0.09034 0.09    0.08998
  0.09138 0.09142 0.09156 0.09241 0.09181 0.09335 0.09275 0.0918  0.09326
  0.09168 0.09387 0.09229 0.09435 0.0937  0.09427 0.09325 0.09372 0.09391
  0.09447 0.0941  0.09566 0.09513 0.09494 0.09503 0.09465 0.09658 0.09634
  0.09539 0.09708 0.09512 0.0983  0.09731 0.09741 0.09747 0.0978  0.09869
  0.09851 0.09889 0.0988  0.0984  0.09823 0.09959 0.09904 0.09987 0.10013
  0.10063 0.09878 0.1002  0.10134 0.10015 0.1011  0.10248 0.10306 0.10212
  0.10277 0.10217 0.10245 0.10307 0.1029  0.10298 0.1037  0.10425 0.1037
  0.10417 0.10485 0.10493 0.10554 0.10535 0.10551 0.1055  0.10596 0.10549
  0.10532 0.10657 0.10702 0.10639 0.10827 0.1072  0.10786 0.10933 0.10856
  0.10752 0.10897 0.10799 0.10931 0.10895 0.10858 0.10867 0.10966 0.10975
  0.10981 0.11038 0.11111 0.11101 0.11137 0.11125 0.11238 0.11193 0.11264
  0.11252 0.11192 0.11293 0.11239 0.11208 0.11341 0.11369 0.11357 0.11339
  0.11476 0.11401 0.11413 0.11449 0.11385 0.11375 0.11502 0.11381 0.11525
  0.1159  0.1153  0.116   0.116   0.1166  0.11558 0.11757 0.1175  0.11708
  0.11817 0.1172  0.11752 0.11853 0.11785 0.11913 0.11881 0.12086 0.11851
  0.11839 0.11784 0.11979 0.11845 0.11956 0.11985 0.11921 0.12    0.11922
  0.12033 0.12069 0.12163 0.11983 0.12146 0.12077 0.1209  0.12154 0.12099
  0.12201 0.12163 0.12231 0.1212  0.12096 0.1223  0.12175 0.12303 0.12184
  0.12231 0.12246 0.12251 0.12255 0.12256 0.12183 0.12227 0.12283 0.12244
  0.12352 0.12255 0.12285 0.12408 0.12287 0.12292 0.12237 0.12229 0.12286
  0.12324 0.12355 0.12345 0.12341 0.12275 0.12287 0.1236  0.12253 0.12435
  0.12317 0.12303 0.12422 0.12388 0.12385 0.1234  0.12405 0.12378 0.12455
  0.12284 0.12422 0.12445 0.12361 0.12506 0.12556 0.12606 0.12511 0.12499
  0.12512 0.12579 0.12468 0.12431 0.1267  0.12582 0.1257  0.12499 0.12547
  0.12592 0.12547 0.12584 0.12528 0.12624 0.12685 0.12504 0.12623 0.12534
  0.12509 0.12585 0.12556 0.12521 0.12565 0.12654 0.12597 0.12689 0.12636
  0.12605 0.12634 0.12685 0.1265  0.12628 0.12633 0.12679 0.12615 0.12749
  0.127   0.12642 0.12655 0.12724 0.12723 0.12751 0.12735 0.12644 0.12592
  0.12721 0.12498 0.12817 0.12673 0.12727 0.12546 0.12758 0.12737 0.1268
  0.12737 0.12691 0.12701 0.1271  0.1265  0.12749 0.12666 0.12889 0.12854
  0.12662 0.12654]]
Mean: 0.06369, Std Dev: 0.04401
