[0.1032  0.10288 0.10329 0.10365 0.10406 0.10417 0.10429 0.10475 0.10479
 0.10474 0.10455 0.10437 0.10437 0.10375 0.10367 0.10314 0.10289 0.10302
 0.10277 0.10308 0.1028  0.10303 0.10326 0.10384 0.10369 0.10397 0.1042
 0.10417 0.10407 0.10422 0.1043  0.10447 0.10477 0.1049  0.10522 0.1055
 0.10546 0.10593 0.10607 0.10611 0.10607 0.10582 0.10587 0.10536 0.10474
 0.1047  0.10435 0.10383 0.10361 0.10335 0.10317 0.10343 0.103   0.10318
 0.10322 0.10328 0.10345 0.10343 0.10371 0.10355 0.10379 0.10336 0.10351
 0.10319 0.10392 0.10411 0.10466 0.10454 0.10509 0.10559 0.10539 0.10584
 0.10569 0.10531 0.10524 0.10483 0.10509 0.10442 0.10429 0.10386 0.10401
 0.10413 0.10399 0.10428 0.10488 0.10447 0.10447 0.10567 0.1055  0.10569
 0.10609 0.10609 0.10623 0.10646 0.10618 0.10647 0.10715 0.10745 0.10788
 0.10796]
Mean: 0.10453, Std Dev: 0.00117
