[[0.      0.06776 0.07111 0.07422 0.0764  0.0784  0.07952 0.08122 0.08171
  0.0835  0.08439 0.08524 0.0873  0.08854 0.08725 0.0884  0.08945 0.08964
  0.09013 0.09127 0.0931  0.09228 0.09335 0.09287 0.09312 0.09458 0.09575
  0.09579 0.09602 0.09718 0.09583 0.09678 0.09753 0.0973  0.09761 0.09851
  0.09793 0.09772 0.09957 0.09879 0.09907 0.09952 0.10133 0.10072 0.10121
  0.10136 0.10088 0.10007 0.10159 0.10156 0.10273 0.10408 0.10458 0.10202
  0.10344 0.10476 0.10382 0.10417 0.10374 0.10558 0.10612 0.10616 0.10633
  0.10552 0.10622 0.10678 0.10655 0.10769 0.10704 0.10852 0.10865 0.10744
  0.10853 0.1078  0.10696 0.10887 0.1093  0.11052 0.10869 0.10976 0.11053
  0.11066 0.11075 0.11122 0.11052 0.11168 0.11205 0.11192 0.11228 0.11177
  0.11227 0.11251 0.11244 0.1142  0.11292 0.11376 0.11387 0.11407 0.11527
  0.11358 0.11342 0.11485 0.11512 0.11578 0.11614 0.11494 0.1155  0.1168
  0.11641 0.11617 0.11649 0.1162  0.11726 0.11737 0.11694 0.11764 0.11712
  0.11756 0.11683 0.11859 0.11918 0.11901 0.11951 0.11855 0.119   0.11783
  0.11985 0.11975 0.11865 0.11907 0.11961 0.12145 0.11944 0.12125 0.12057
  0.12151 0.12219 0.12296 0.1224  0.12015 0.12235 0.12249 0.12233 0.12204
  0.1224  0.12157 0.12341 0.1227  0.12369 0.12355 0.12281 0.12408 0.12195
  0.1224  0.1226  0.12284 0.12348 0.12335 0.12362 0.12422 0.12431 0.12407
  0.12396 0.12355 0.12307 0.1236  0.12528 0.12483 0.1253  0.12519 0.12486
  0.12551 0.12597 0.12489 0.12544 0.12399 0.12543 0.12551 0.12638 0.1255
  0.12569 0.12716 0.12698 0.12566 0.12667 0.12692 0.12643 0.12591 0.12621
  0.12648 0.12698 0.12717 0.12685 0.12684 0.12738 0.12637 0.12655 0.12803
  0.12815 0.12733 0.1276  0.1272  0.12679 0.12674 0.12699 0.12809 0.12765
  0.12647 0.127   0.12925 0.12792 0.12761 0.12789 0.128   0.12923 0.12759
  0.12875 0.12848 0.12763 0.12825 0.12881 0.12903 0.12873 0.12983 0.12917
  0.12863 0.12897 0.12842 0.12913 0.12807 0.12869 0.12929 0.12905 0.12943
  0.12842 0.12885 0.12831 0.13075 0.13027 0.12854 0.12907 0.12908 0.12888
  0.13007 0.12877 0.1296  0.12884 0.1306  0.13009 0.12935 0.13003 0.13028
  0.12969 0.13096 0.13089 0.13047 0.12979 0.13008 0.13048 0.12986 0.13075
  0.13038 0.13029 0.13088 0.13043 0.13108 0.1302  0.13142 0.13164 0.13051
  0.13086 0.13088 0.13157 0.13171 0.13079 0.13012 0.13039 0.13207 0.1332
  0.13183 0.13116 0.13126 0.13072 0.13086 0.13134 0.13199 0.1333  0.13211
  0.13201 0.1336  0.13248 0.13297 0.13198 0.13216 0.13199 0.13324 0.13298
  0.13182 0.13277 0.13293 0.1327  0.13262 0.13251 0.13228 0.1326  0.13191
  0.13291 0.13264 0.13331 0.13349 0.13368 0.13318 0.13371 0.13487 0.13448
  0.13333 0.13465 0.13342 0.13401 0.13366 0.13286 0.13374 0.13391 0.13469
  0.13438 0.13458 0.13501 0.13362 0.13471 0.13464 0.13486 0.13458 0.13503
  0.13502 0.13455 0.13537 0.13503 0.13612 0.13498 0.13441 0.13556 0.13622
  0.13654 0.13589 0.13538 0.13556 0.13543 0.13494 0.13549 0.13524 0.13645
  0.1356  0.13661 0.13581 0.13604 0.13545 0.1371  0.13589 0.1371  0.13729
  0.13698 0.13642 0.1372  0.13651 0.13714 0.13697 0.13627 0.13733 0.13718
  0.13715 0.1373  0.13719 0.13674 0.13704 0.13782 0.13689 0.13709 0.13834
  0.13694 0.13802 0.13715 0.13744 0.13867 0.13835 0.13899 0.13857 0.1381
  0.13779 0.1394  0.13895 0.13909 0.13903 0.13893 0.13789 0.13924 0.13866
  0.13847 0.13789 0.13928 0.13926 0.13913 0.14047 0.14069 0.14069 0.13981
  0.13999 0.13897 0.14029 0.13934 0.14046 0.13933 0.14074 0.1405  0.14042
  0.14076 0.14037 0.14094 0.14023 0.14117 0.14054 0.14057 0.14188 0.13976
  0.14124 0.14089 0.14107 0.1415  0.14065 0.14126 0.14125 0.14178 0.14017
  0.14058 0.14092 0.14196 0.14175 0.14149 0.14125 0.14175 0.14171 0.14107
  0.14236 0.14152 0.1424  0.14163 0.14197 0.14188 0.14213 0.14213 0.14298
  0.14209 0.14145 0.14394 0.14222 0.14301 0.14329 0.14256 0.14163 0.14295
  0.14224 0.14353 0.14346 0.14372 0.14272 0.14424 0.14351 0.14179 0.14351
  0.14258 0.1442  0.14425 0.14324 0.14355 0.14173 0.14349 0.14492 0.14292
  0.14256 0.14426 0.14412 0.14337 0.14461 0.14508 0.14465 0.14326 0.14453
  0.14464 0.14461 0.14586 0.14362 0.14423 0.14521 0.14556 0.14429 0.1438
  0.14385 0.14518 0.14477 0.14705 0.14441 0.14627 0.14558 0.14561 0.14632
  0.14491 0.14395 0.14585 0.14607 0.14652 0.14605 0.14623 0.14511 0.14602
  0.14578 0.14735 0.14692 0.14578 0.14584 0.1481  0.1474  0.14647 0.14638
  0.14639 0.14604 0.14647 0.14827 0.14653 0.14784 0.14744 0.14815 0.14768
  0.14801 0.14812 0.14684 0.14782 0.14804 0.14809 0.1478  0.14788 0.14752
  0.1474  0.14762 0.1484  0.14867 0.1494  0.14969 0.14985 0.14998 0.14939
  0.14874 0.14911 0.14835 0.14969 0.14869 0.14954 0.14912 0.14967 0.14936
  0.14991 0.1498  0.15126 0.14916 0.14989 0.1517  0.14949 0.15135 0.14977
  0.15078 0.15062 0.15182 0.15118 0.15056 0.15153 0.15124 0.15213 0.15149
  0.15135 0.15251 0.15156 0.15014 0.14921 0.15149 0.15152 0.15232 0.15218
  0.15288 0.15261 0.15247 0.15318 0.15279 0.15327 0.15414 0.152   0.1521
  0.15217 0.15336 0.15291 0.15319 0.15369 0.15342 0.15485 0.15307 0.153
  0.15431 0.15425 0.15369 0.15297 0.15442 0.15365 0.15526 0.15444 0.15407
  0.15486 0.15506 0.15604 0.15504 0.15433 0.15453 0.15499 0.15613 0.15541
  0.15403 0.15578 0.15514 0.15585 0.15496 0.15623 0.15622 0.15562 0.15566
  0.15607 0.15594 0.15628 0.15629 0.15742 0.15608 0.15762 0.15704 0.15697
  0.1572  0.15451 0.15606 0.15625 0.15736 0.15783 0.15677 0.15712 0.15809
  0.15777 0.15643 0.15763 0.15716 0.15923 0.15801 0.1581  0.15863 0.15915
  0.1577  0.15797 0.15842 0.15793 0.15831 0.15773 0.15729 0.15863 0.15902
  0.1596  0.15804 0.15813 0.15913 0.15938 0.16011 0.15853 0.16028 0.15914
  0.15966 0.15856 0.1596  0.15981 0.15959 0.15866 0.16053 0.15927 0.16105
  0.16038 0.15939 0.15936 0.16005 0.15989 0.16126 0.16146 0.15948 0.16115
  0.15983 0.1613  0.16016 0.1607  0.16091 0.16062 0.16017 0.16114 0.16098
  0.16056 0.16222 0.15994 0.16106 0.16157 0.16061 0.16185 0.16154 0.16138
  0.16159 0.16169 0.16178 0.1625  0.16131 0.16229 0.16128 0.16177 0.16248
  0.16244 0.16281 0.16211 0.16239 0.16212 0.16344 0.16309 0.16227 0.16288
  0.16294 0.1636  0.16391 0.16336 0.1633  0.16262 0.16352 0.16399 0.16304
  0.165   0.16385 0.16277 0.16415 0.16376 0.165   0.16557 0.16425 0.16432
  0.1645  0.16546 0.16456 0.16415 0.16461 0.16522 0.1648  0.16497 0.16497
  0.16574 0.16541 0.16595 0.16595 0.16594 0.16732 0.166   0.16618 0.16443
  0.16586 0.16628 0.16627 0.16705 0.16591 0.16604 0.1669  0.16696 0.1664
  0.16559 0.16763 0.16807 0.16763 0.16761 0.16748 0.16612 0.16732 0.16661
  0.16766 0.16802 0.16847 0.16732 0.16688 0.16821 0.16824 0.16772 0.16901
  0.16753 0.16794 0.16713 0.16937 0.16902 0.16929 0.16916 0.16906 0.16889
  0.16931 0.16858 0.16927 0.1694  0.16922 0.16958 0.17012 0.16852 0.16954
  0.17007 0.16852 0.16942 0.16907 0.17018 0.16943 0.16991 0.16888 0.1707
  0.1697  0.16899 0.16972 0.17056 0.1687  0.16964 0.16867 0.16967 0.1703
  0.16984 0.16911 0.16939 0.16913 0.16876 0.1683  0.17003 0.16947 0.16883
  0.169   0.16934 0.16841 0.16766 0.16937 0.1691  0.16871 0.16894 0.16866
  0.16907 0.16935 0.16929 0.16878 0.16858 0.16821 0.16786 0.16866 0.16901
  0.16811 0.16821 0.1667  0.16799 0.16742 0.16686 0.16692 0.16772 0.16657
  0.16779 0.16692 0.16742 0.16683 0.16618 0.16667 0.16597 0.1663  0.1672
  0.16656 0.16532 0.16589 0.16618 0.16443 0.16514 0.16495 0.1638  0.16525
  0.16327 0.1646  0.16444 0.16267 0.16417 0.16242 0.1633  0.16149 0.16306
  0.16232 0.16301 0.16223 0.16343 0.16215 0.16219 0.16141 0.1603  0.16018
  0.16144 0.16022 0.16054 0.16029 0.15947 0.1603  0.16015 0.15947 0.15973
  0.15908 0.15992 0.15862 0.1592  0.15851 0.15858 0.1571  0.15805 0.15782
  0.15898 0.15739 0.15805 0.15715 0.15719 0.15579 0.15655 0.15614 0.15613
  0.15662 0.15666 0.15666 0.15665 0.15642 0.15549 0.15515 0.15633 0.15665
  0.15615 0.15575 0.15516 0.15567 0.15479 0.15453 0.15484 0.15614 0.15408
  0.15509 0.15594 0.15486 0.15589 0.15488 0.15537 0.15566 0.15681 0.15584
  0.15721 0.15489 0.15603 0.1565  0.15672 0.15685 0.15672 0.15671 0.15698
  0.15711 0.15797 0.1589  0.15789 0.15771 0.15981 0.15949 0.15895 0.15933
  0.16057 0.15963 0.16058 0.16108 0.16181 0.16281 0.16229 0.16258 0.16392
  0.16403 0.16424 0.1651  0.16504 0.16616 0.16695 0.16877 0.16885 0.16796
  0.16966 0.16986 0.17125 0.17212 0.17235 0.17271 0.17392 0.17541 0.17565
  0.17635 0.17704]
 [0.      0.03068 0.03327 0.03764 0.03927 0.04076 0.04289 0.04492 0.04638
  0.04754 0.04865 0.04892 0.05084 0.05085 0.05149 0.05078 0.05217 0.05219
  0.05347 0.05224 0.05357 0.05396 0.05479 0.05436 0.05375 0.05481 0.05472
  0.0558  0.05525 0.05501 0.05659 0.05591 0.05651 0.05657 0.05733 0.05778
  0.05771 0.05757 0.05618 0.05717 0.05705 0.05861 0.05813 0.05766 0.05825
  0.05965 0.05881 0.05947 0.05939 0.0583  0.05949 0.05829 0.06047 0.0606
  0.06017 0.05891 0.05976 0.06018 0.05916 0.06035 0.06152 0.06177 0.06093
  0.06273 0.06161 0.0622  0.06191 0.06284 0.06297 0.06184 0.06359 0.06372
  0.0639  0.06311 0.06422 0.06399 0.06386 0.06528 0.06535 0.06562 0.06589
  0.06588 0.06646 0.0669  0.0667  0.06608 0.06648 0.06848 0.06766 0.06814
  0.06894 0.06836 0.069   0.07018 0.06913 0.07001 0.07046 0.07144 0.07056
  0.07125 0.07078 0.07125 0.07101 0.07288 0.07302 0.07252 0.07267 0.0743
  0.074   0.07525 0.0741  0.07513 0.07572 0.07524 0.07641 0.0767  0.07654
  0.07696 0.07769 0.07804 0.07846 0.07805 0.078   0.07898 0.07895 0.07943
  0.08059 0.08044 0.0819  0.0807  0.08084 0.08193 0.08275 0.082   0.08355
  0.08275 0.08393 0.08401 0.08414 0.08419 0.0841  0.08545 0.08599 0.08576
  0.08649 0.08692 0.0857  0.08759 0.08639 0.08832 0.0878  0.08811 0.08923
  0.08966 0.08957 0.08959 0.08965 0.09064 0.09035 0.09098 0.09152 0.09187
  0.09171 0.09215 0.09249 0.09379 0.09256 0.09354 0.09443 0.09505 0.09471
  0.09521 0.09579 0.09649 0.09555 0.09611 0.09703 0.09594 0.09632 0.09743
  0.09828 0.09733 0.09808 0.09842 0.09915 0.10058 0.10013 0.1003  0.09987
  0.10106 0.09966 0.1016  0.10133 0.10233 0.10204 0.10213 0.10301 0.10205
  0.10295 0.10395 0.10441 0.10492 0.10461 0.10448 0.10437 0.10551 0.10467
  0.10705 0.10539 0.10668 0.10809 0.10807 0.10687 0.10887 0.10807 0.10821
  0.10852 0.10904 0.10896 0.10937 0.1095  0.10971 0.11004 0.10948 0.11115
  0.11071 0.11241 0.11185 0.11127 0.11219 0.11267 0.11266 0.11278 0.11307
  0.11436 0.11464 0.11379 0.11528 0.11496 0.11561 0.11611 0.11681 0.11552
  0.11693 0.11681 0.11706 0.11702 0.11747 0.11753 0.11792 0.11825 0.11834
  0.11852 0.11943 0.11903 0.11949 0.12136 0.1201  0.12047 0.12137 0.12014
  0.12024 0.12214 0.12292 0.1227  0.12262 0.12355 0.12274 0.12486 0.12311
  0.1233  0.12459 0.12415 0.12477 0.12572 0.12448 0.12503 0.12534 0.12642
  0.12546 0.12763 0.12709 0.12643 0.12789 0.12809 0.12953 0.12818 0.13
  0.12943 0.12835 0.12914 0.12929 0.13044 0.12972 0.13173 0.12938 0.13049
  0.13133 0.13136 0.13148 0.1317  0.13185 0.13209 0.1338  0.13314 0.1327
  0.13315 0.13387 0.1348  0.13393 0.13485 0.13432 0.13616 0.13532 0.13499
  0.13601 0.13587 0.13638 0.13577 0.13716 0.13688 0.13708 0.13658 0.13749
  0.13761 0.1382  0.13733 0.13887 0.1386  0.13892 0.14035 0.13957 0.13942
  0.14079 0.14034 0.13948 0.14085 0.14088 0.14071 0.14109 0.14237 0.14167
  0.14241 0.14312 0.14253 0.14277 0.14408 0.14303 0.14363 0.14318 0.14518
  0.14505 0.14432 0.14562 0.14454 0.1463  0.14689 0.14642 0.14653 0.14592
  0.1466  0.14674 0.14724 0.14818 0.14891 0.14771 0.14884 0.14849 0.14847
  0.14835 0.14952 0.14943 0.15036 0.15019 0.15023 0.15026 0.15134 0.14987
  0.15244 0.15213 0.15289 0.15149 0.15196 0.15177 0.15318 0.15304 0.15255
  0.15391 0.15311 0.1543  0.15405 0.15378 0.15473 0.15454 0.15643 0.15506
  0.15607 0.15457 0.15626 0.15515 0.15657 0.1566  0.15738 0.15586 0.1569
  0.15741 0.15699 0.15847 0.15783 0.1586  0.158   0.15838 0.16023 0.15916
  0.15842 0.15981 0.16043 0.16005 0.16028 0.16006 0.16138 0.1615  0.16072
  0.16044 0.16135 0.16162 0.16044 0.1619  0.16295 0.16292 0.16349 0.16329
  0.16284 0.16329 0.16342 0.16437 0.1644  0.1656  0.16433 0.16446 0.16556
  0.16498 0.16523 0.16539 0.16618 0.16544 0.16666 0.16857 0.16647 0.16717
  0.16698 0.16742 0.1667  0.16846 0.16752 0.16805 0.16867 0.16868 0.16842
  0.16904 0.16837 0.17085 0.16937 0.16893 0.16969 0.17067 0.17171 0.17036
  0.17018 0.17088 0.17116 0.17064 0.17165 0.17211 0.17296 0.17217 0.17318
  0.17238 0.17244 0.17289 0.17348 0.17499 0.17375 0.17386 0.17476 0.17306
  0.17431 0.17454 0.17473 0.17488 0.17553 0.17567 0.17622 0.1748  0.17556
  0.176   0.17606 0.1767  0.17728 0.1762  0.17728 0.17763 0.17641 0.1786
  0.17809 0.17794 0.17876 0.17808 0.17929 0.1795  0.17857 0.17963 0.17789
  0.18012 0.17994 0.17972 0.17988 0.18016 0.18127 0.1811  0.18098 0.18106
  0.18182 0.18142 0.18194 0.18266 0.18139 0.18166 0.18109 0.18319 0.18357
  0.18346 0.18327 0.18327 0.18436 0.18371 0.18429 0.18451 0.18423 0.18381
  0.18666 0.18593 0.1856  0.18683 0.18686 0.18552 0.18612 0.18694 0.18651
  0.1869  0.1878  0.1872  0.18678 0.18698 0.18638 0.18789 0.18946 0.18848
  0.18833 0.18732 0.18814 0.18898 0.18975 0.18917 0.18934 0.18988 0.1891
  0.1905  0.18918 0.1909  0.19003 0.19047 0.19099 0.19107 0.19071 0.19098
  0.19123 0.19143 0.19224 0.19216 0.19224 0.1926  0.19235 0.19304 0.19475
  0.19296 0.19293 0.19314 0.19335 0.1935  0.19417 0.19482 0.19591 0.19409
  0.19446 0.19561 0.19534 0.19491 0.19581 0.1947  0.19698 0.19635 0.19626
  0.19607 0.19692 0.19613 0.19695 0.19753 0.19798 0.19804 0.19769 0.19795
  0.19787 0.19679 0.19909 0.19781 0.19845 0.19997 0.19894 0.19911 0.19857
  0.19825 0.19915 0.19999 0.20021 0.20007 0.20143 0.20043 0.20001 0.20141
  0.20082 0.2     0.20191 0.19946 0.20249 0.20083 0.20232 0.20149 0.20194
  0.20163 0.20191 0.20289 0.20251 0.20358 0.20274 0.20207 0.2034  0.20375
  0.20289 0.20328 0.20388 0.20442 0.20361 0.20471 0.20464 0.20514 0.20467
  0.20564 0.20444 0.20594 0.20542 0.205   0.20597 0.20662 0.20652 0.20592
  0.20636 0.20578 0.20498 0.20691 0.20653 0.20706 0.20756 0.2071  0.20709
  0.20699 0.20681 0.20822 0.20792 0.20754 0.20821 0.20882 0.20841 0.20856
  0.2075  0.20847 0.2094  0.20962 0.20863 0.20954 0.2089  0.20934 0.21058
  0.20973 0.21062 0.21095 0.20995 0.21055 0.21094 0.2118  0.21091 0.21102
  0.21136 0.21124 0.21114 0.21236 0.21123 0.21227 0.212   0.21226 0.21228
  0.21267 0.2124  0.21374 0.21405 0.21363 0.21415 0.21281 0.214   0.21253
  0.21338 0.21497 0.21411 0.21504 0.21445 0.21546 0.21465 0.21485 0.2145
  0.21492 0.21504 0.21531 0.21607 0.21622 0.21599 0.21565 0.21572 0.21685
  0.21694 0.21619 0.2167  0.21671 0.21788 0.21769 0.21856 0.21779 0.21872
  0.21763 0.21846 0.21778 0.2187  0.21771 0.21859 0.21913 0.21937 0.21963
  0.21955 0.22005 0.21999 0.22007 0.2192  0.22001 0.21972 0.22059 0.2209
  0.22123 0.2201  0.22167 0.22139 0.22133 0.2224  0.22223 0.22215 0.22237
  0.22181 0.22253 0.22318 0.22259 0.22233 0.22264 0.22401 0.22387 0.22507
  0.22348 0.22458 0.22446 0.2241  0.22445 0.22422 0.22537 0.22459 0.22429
  0.22618 0.22593 0.22562 0.22626 0.22514 0.22532 0.22565 0.22582 0.22695
  0.22648 0.22631 0.22705 0.22695 0.22604 0.22748 0.22765 0.2273  0.22767
  0.22784 0.22858 0.22879 0.22734 0.2276  0.22882 0.22783 0.22879 0.22906
  0.2279  0.22855 0.22849 0.22908 0.22991 0.22957 0.22994 0.22934 0.23032
  0.23081 0.23095 0.229   0.22974 0.23039 0.22939 0.22942 0.2301  0.23093
  0.22995 0.23092 0.22946 0.23157 0.2306  0.22985 0.2306  0.22995 0.23194
  0.23175 0.23143 0.23191 0.23072 0.23185 0.23103 0.2308  0.23157 0.23251
  0.23179 0.23141 0.2324  0.23246 0.2325  0.23229 0.23268 0.23209 0.23289
  0.23346 0.23186 0.23277 0.23275 0.23242 0.23243 0.23278 0.23337 0.23241
  0.2333  0.23342 0.23306 0.23248 0.23327 0.23357 0.23319 0.23356 0.2336
  0.23366 0.23176 0.23244 0.23345 0.23309 0.23295 0.23361 0.23329 0.23393
  0.2348  0.23384 0.23411 0.23444 0.23332 0.23402 0.23417 0.23515 0.23565
  0.23527 0.23468 0.23551 0.23538 0.23443 0.23654 0.23538 0.23612 0.23678
  0.23547 0.23605 0.23561 0.23657 0.2361  0.23714 0.23613 0.23691 0.23844
  0.23832 0.23801 0.23789 0.23831 0.23872 0.23901 0.23949 0.23951 0.23965
  0.24113 0.24053 0.2401  0.24114 0.24116 0.24127 0.24131 0.24239 0.24315
  0.24175 0.24263 0.24307 0.24338 0.24431 0.24475 0.24462 0.24538 0.24608
  0.24584 0.24646 0.24734 0.24709 0.24863 0.24871 0.24965 0.24986 0.24934
  0.25169 0.2511  0.25244 0.25318 0.25375 0.2528  0.25516 0.2555  0.25554
  0.25536 0.25683 0.25685 0.2582  0.25844 0.25948 0.26036 0.26062 0.26116
  0.26282 0.26308 0.26368 0.26494 0.26471 0.26544 0.2681  0.26836 0.26965
  0.27082 0.27166 0.27058 0.2724  0.27277 0.27431 0.27632 0.27682 0.27812
  0.27887 0.27907 0.2799  0.28126 0.2823  0.28273 0.28541 0.28558 0.28751
  0.28798 0.28863]
 [0.      0.06983 0.07093 0.0736  0.07738 0.0773  0.07965 0.08158 0.08286
  0.08346 0.08433 0.08471 0.08656 0.08678 0.08755 0.0891  0.0899  0.08844
  0.08867 0.08973 0.08993 0.0918  0.09105 0.09264 0.092   0.09239 0.0935
  0.09281 0.09322 0.09348 0.09484 0.094   0.09553 0.09633 0.0939  0.0944
  0.09616 0.09631 0.09709 0.09761 0.09689 0.09734 0.0961  0.09788 0.09788
  0.09838 0.09861 0.09909 0.09828 0.09844 0.09998 0.09976 0.09897 0.10018
  0.09962 0.09944 0.09973 0.10087 0.10101 0.10072 0.10099 0.09998 0.10265
  0.10179 0.10355 0.10219 0.10123 0.10258 0.10284 0.10297 0.10128 0.10361
  0.10416 0.10378 0.10351 0.10376 0.10409 0.10409 0.10378 0.10511 0.10409
  0.10455 0.10458 0.10513 0.10595 0.10551 0.10482 0.10577 0.10569 0.10627
  0.10644 0.10604 0.10733 0.1073  0.10828 0.1089  0.1077  0.10704 0.10957
  0.10872 0.10871 0.10774 0.10851 0.1093  0.10985 0.11003 0.10925 0.10958
  0.10999 0.10962 0.10958 0.1103  0.11108 0.11033 0.10958 0.11053 0.11178
  0.11031 0.11055 0.11079 0.1116  0.11187 0.11067 0.112   0.11282 0.11087
  0.11236 0.11155 0.11302 0.11246 0.11245 0.11331 0.11372 0.11375 0.11306
  0.1137  0.11367 0.11354 0.11354 0.11428 0.11413 0.11429 0.11431 0.11572
  0.11458 0.11482 0.11517 0.11443 0.11548 0.11462 0.11536 0.11577 0.11564
  0.11524 0.11535 0.11614 0.11593 0.11523 0.11593 0.11627 0.11569 0.11664
  0.11736 0.11664 0.11724 0.11776 0.11606 0.11759 0.11719 0.1171  0.11775
  0.11703 0.11833 0.11676 0.11861 0.11738 0.11802 0.11857 0.11761 0.1179
  0.11731 0.11775 0.11958 0.1185  0.11782 0.11974 0.11897 0.11906 0.12014
  0.11869 0.11823 0.11852 0.11907 0.11907 0.11864 0.12001 0.11979 0.11844
  0.11989 0.12017 0.11994 0.1197  0.12025 0.12011 0.11971 0.11882 0.12059
  0.11981 0.12066 0.11974 0.11977 0.12022 0.12029 0.12091 0.12046 0.12102
  0.11992 0.12035 0.12121 0.12228 0.12039 0.1206  0.1199  0.12066 0.12126
  0.12156 0.12165 0.12149 0.12194 0.12179 0.12238 0.12119 0.12193 0.12048
  0.12079 0.12206 0.12109 0.12169 0.12206 0.1227  0.12091 0.12235 0.12246
  0.12286 0.12157 0.1231  0.12218 0.12378 0.12216 0.12322 0.12198 0.12173
  0.12315 0.1228  0.12312 0.1225  0.12358 0.1227  0.12313 0.12246 0.12406
  0.1235  0.12407 0.12265 0.12402 0.12354 0.12317 0.1247  0.12393 0.12567
  0.12377 0.12242 0.12453 0.12384 0.12384 0.12415 0.12517 0.12595 0.12303
  0.12387 0.12554 0.12432 0.12532 0.12501 0.12454 0.12422 0.1254  0.12579
  0.12523 0.12502 0.1252  0.12499 0.12589 0.12538 0.12541 0.12681 0.12561
  0.1263  0.12652 0.12596 0.12569 0.12726 0.12576 0.12707 0.12615 0.12671
  0.12688 0.12682 0.12652 0.1285  0.12701 0.12787 0.1277  0.12854 0.12776
  0.12848 0.12763 0.12829 0.12809 0.12772 0.12824 0.12941 0.12883 0.12853
  0.12991 0.12957 0.12831 0.12916 0.12995 0.12962 0.12909 0.12933 0.12877
  0.1297  0.12979 0.12973 0.13135 0.13027 0.12951 0.13064 0.13038 0.12957
  0.12958 0.13116 0.13049 0.13029 0.13111 0.1302  0.13093 0.13038 0.13224
  0.13082 0.13077 0.13172 0.13198 0.1323  0.13207 0.13252 0.13226 0.13217
  0.13217 0.13387 0.13259 0.13338 0.13422 0.13356 0.13267 0.13384 0.13364
  0.13438 0.1331  0.13431 0.13367 0.13429 0.13399 0.134   0.13473 0.13496
  0.13283 0.13459 0.13493 0.13497 0.13543 0.1349  0.13493 0.13547 0.1358
  0.13605 0.13568 0.13573 0.13488 0.13672 0.1371  0.13755 0.13739 0.1356
  0.13679 0.13689 0.13706 0.13671 0.13831 0.13702 0.13665 0.13765 0.13745
  0.13754 0.1383  0.13757 0.13897 0.13823 0.13816 0.1385  0.13822 0.13767
  0.13918 0.13992 0.13808 0.13812 0.13973 0.14027 0.14054 0.14012 0.14114
  0.14016 0.14034 0.13891 0.14139 0.14    0.14214 0.14061 0.14106 0.14028
  0.14198 0.14153 0.14155 0.14144 0.14163 0.14259 0.14156 0.14136 0.14099
  0.14188 0.14329 0.14228 0.14226 0.14153 0.14195 0.14255 0.1427  0.14353
  0.14321 0.14351 0.14364 0.14414 0.1437  0.14361 0.14348 0.14395 0.14442
  0.14318 0.14402 0.14439 0.14466 0.14543 0.1448  0.14461 0.14551 0.14565
  0.14566 0.14511 0.146   0.14397 0.1458  0.14484 0.14642 0.14628 0.14626
  0.14683 0.14642 0.14782 0.14727 0.14685 0.14535 0.14686 0.14805 0.14864
  0.14864 0.14749 0.14809 0.14769 0.14818 0.14797 0.14881 0.1496  0.14919
  0.14861 0.14891 0.1491  0.14989 0.14981 0.14948 0.14886 0.14969 0.14947
  0.15034 0.14947 0.15112 0.15088 0.15015 0.1507  0.15163 0.1503  0.15099
  0.15126 0.15064 0.15143 0.15116 0.15149 0.15111 0.15224 0.15115 0.15186
  0.15165 0.15201 0.15249 0.1536  0.15282 0.15338 0.15451 0.15277 0.15382
  0.15291 0.15391 0.15295 0.15486 0.1555  0.15469 0.15362 0.15395 0.15488
  0.15438 0.15544 0.15534 0.15496 0.15532 0.15473 0.15518 0.1551  0.15731
  0.15543 0.15598 0.15707 0.15532 0.15555 0.15604 0.15736 0.15605 0.15777
  0.15614 0.15724 0.15731 0.15774 0.15836 0.15982 0.15795 0.15789 0.15829
  0.15827 0.15846 0.15834 0.1591  0.15862 0.15975 0.15992 0.15978 0.15911
  0.1586  0.15962 0.16095 0.16051 0.15911 0.16102 0.16095 0.16065 0.16151
  0.16116 0.16138 0.16193 0.16189 0.16144 0.16146 0.1611  0.16213 0.16244
  0.16292 0.16212 0.16308 0.1621  0.16295 0.16255 0.16327 0.16363 0.16331
  0.16435 0.16301 0.1638  0.16481 0.16447 0.16407 0.16344 0.16429 0.16431
  0.16442 0.16438 0.16522 0.16612 0.16661 0.16649 0.16575 0.16602 0.16723
  0.16742 0.16632 0.16576 0.16568 0.1657  0.16669 0.16662 0.16772 0.16758
  0.16797 0.16746 0.16813 0.16821 0.16808 0.16826 0.16749 0.16749 0.16803
  0.16851 0.16882 0.1696  0.1698  0.16925 0.16877 0.16973 0.17002 0.17026
  0.16917 0.16976 0.17007 0.16912 0.16934 0.1694  0.17018 0.16927 0.16974
  0.1703  0.16994 0.17016 0.17099 0.17008 0.17156 0.17169 0.17117 0.17164
  0.17017 0.1712  0.17136 0.17205 0.17179 0.17116 0.17225 0.17229 0.17197
  0.17188 0.17311 0.17207 0.1724  0.17295 0.17358 0.17324 0.17367 0.17362
  0.17299 0.17201 0.17374 0.17297 0.1741  0.17397 0.17448 0.17246 0.17489
  0.17328 0.17405 0.17469 0.17394 0.17429 0.17455 0.17556 0.17475 0.17457
  0.17592 0.17564 0.17394 0.17516 0.17501 0.17616 0.17623 0.17487 0.17695
  0.17483 0.17733 0.17628 0.17657 0.17742 0.17652 0.17627 0.17645 0.17796
  0.17635 0.17727 0.17773 0.17791 0.17647 0.17894 0.17764 0.17877 0.17757
  0.17927 0.17713 0.17793 0.17895 0.17893 0.17915 0.17908 0.17974 0.18032
  0.17956 0.18026 0.17971 0.17946 0.17975 0.17954 0.1811  0.1801  0.18042
  0.18051 0.17989 0.18102 0.18021 0.18183 0.18141 0.18103 0.18129 0.18155
  0.1813  0.18238 0.18142 0.18109 0.1824  0.1814  0.18283 0.18317 0.18369
  0.18323 0.18345 0.18322 0.18318 0.18252 0.18385 0.18382 0.18326 0.18399
  0.18458 0.18463 0.18423 0.18414 0.18461 0.18566 0.18477 0.18523 0.18605
  0.18442 0.18633 0.18607 0.18468 0.18602 0.18628 0.18697 0.18619 0.18799
  0.18716 0.18696 0.18633 0.18686 0.18749 0.18642 0.18585 0.18778 0.18668
  0.18734 0.18668 0.1874  0.18697 0.18841 0.18882 0.1883  0.18899 0.18887
  0.18909 0.18818 0.18981 0.18817 0.18861 0.18887 0.18887 0.18962 0.18955
  0.18843 0.18887 0.18943 0.18954 0.19001 0.19008 0.19017 0.18945 0.18993
  0.19045 0.18935 0.19014 0.19096 0.18992 0.19089 0.1901  0.19041 0.19127
  0.18972 0.19037 0.19059 0.18946 0.1912  0.19123 0.19254 0.1915  0.19163
  0.18973 0.19147 0.19216 0.19226 0.19099 0.19156 0.19128 0.19095 0.19053
  0.19082 0.19094 0.19219 0.19115 0.19171 0.1917  0.19208 0.19167 0.19189
  0.1911  0.19269 0.19094 0.19214 0.1908  0.19136 0.19089 0.1922  0.19178
  0.19093 0.19211 0.18976 0.19154 0.19117 0.19007 0.19133 0.18981 0.19139
  0.19097 0.18951 0.19129 0.19118 0.19123 0.19106 0.19102 0.19044 0.19228
  0.18997 0.19104 0.191   0.19168 0.19048 0.19055 0.19067 0.1904  0.18933
  0.19162 0.19028 0.19122 0.19092 0.1902  0.191   0.19171 0.18957 0.1909
  0.19055 0.19133 0.18982 0.18984 0.19233 0.19115 0.19069 0.19084 0.19159
  0.19107 0.19128 0.19028 0.1916  0.19279 0.19174 0.19143 0.19245 0.19229
  0.19179 0.1919  0.19212 0.19241 0.19283 0.19267 0.19261 0.19392 0.19314
  0.19399 0.19308 0.19342 0.19462 0.19422 0.19489 0.19522 0.19537 0.19391
  0.1956  0.19574 0.19596 0.19667 0.19782 0.19652 0.1978  0.19787 0.19729
  0.19826 0.19885 0.19977 0.20122 0.20043 0.20074 0.2007  0.20103 0.2018
  0.20415 0.20402 0.20362 0.20529 0.20491 0.20506 0.20661 0.20564 0.20611
  0.2074  0.20776 0.20754 0.20787 0.20916 0.21    0.21159 0.21143 0.21278
  0.21357 0.21406 0.2157  0.21524 0.2174  0.21716 0.21932 0.21869 0.22022
  0.22041 0.22213 0.22236 0.22337 0.22369 0.22393 0.22645 0.22678 0.22762
  0.22858 0.2298 ]
 [0.      0.02674 0.02981 0.03343 0.03507 0.03717 0.03868 0.04049 0.04128
  0.04221 0.04385 0.04352 0.04429 0.04584 0.045   0.04644 0.04856 0.0475
  0.04769 0.04855 0.04994 0.04849 0.04922 0.05068 0.05072 0.05008 0.04981
  0.05064 0.05031 0.05235 0.05188 0.05122 0.05185 0.05233 0.05324 0.05335
  0.05294 0.05321 0.05372 0.05407 0.05434 0.05423 0.05441 0.05373 0.05419
  0.05383 0.05463 0.05518 0.05436 0.05512 0.05543 0.0545  0.05599 0.05586
  0.0569  0.05458 0.0572  0.0569  0.05838 0.05689 0.05759 0.05754 0.05676
  0.0586  0.05779 0.05849 0.05902 0.05853 0.05969 0.05921 0.05966 0.0593
  0.05997 0.05978 0.06146 0.06104 0.06083 0.06119 0.06224 0.06272 0.06294
  0.06275 0.06248 0.0632  0.06231 0.06363 0.06439 0.06372 0.06649 0.06503
  0.06528 0.06593 0.06596 0.06592 0.06633 0.06668 0.0668  0.06724 0.06899
  0.06826 0.06772 0.06932 0.0701  0.06978 0.07057 0.07017 0.07099 0.07043
  0.07174 0.07184 0.07187 0.07175 0.07264 0.07249 0.07409 0.0744  0.07365
  0.0744  0.07476 0.07618 0.07594 0.07714 0.0753  0.07717 0.07672 0.07758
  0.07736 0.07867 0.07874 0.07905 0.07899 0.07871 0.07969 0.08063 0.08014
  0.07973 0.08113 0.08159 0.08181 0.0828  0.08262 0.08241 0.08366 0.08366
  0.08482 0.08478 0.08506 0.08502 0.08491 0.08515 0.08645 0.08675 0.08687
  0.08695 0.08785 0.08789 0.08791 0.08863 0.08854 0.08968 0.08946 0.091
  0.09132 0.09061 0.09073 0.09053 0.09151 0.09182 0.09244 0.09252 0.09367
  0.09407 0.09364 0.09413 0.09485 0.09485 0.09564 0.0949  0.09604 0.09626
  0.09617 0.0966  0.0969  0.09708 0.09805 0.09852 0.09693 0.09816 0.0994
  0.09847 0.09998 0.10013 0.1004  0.10079 0.10041 0.10042 0.10187 0.1009
  0.10294 0.10131 0.10278 0.10289 0.10348 0.10363 0.10384 0.10396 0.1046
  0.10488 0.10475 0.10474 0.10583 0.10619 0.1077  0.1069  0.10785 0.10696
  0.10732 0.10869 0.10868 0.10852 0.10867 0.10963 0.10993 0.10935 0.10967
  0.11002 0.11036 0.11067 0.11122 0.11184 0.11085 0.11197 0.11156 0.11348
  0.11162 0.11314 0.11396 0.11524 0.11407 0.11251 0.11504 0.11439 0.11626
  0.11612 0.11493 0.11559 0.11488 0.11697 0.11749 0.11657 0.1178  0.11717
  0.11801 0.11717 0.11835 0.11886 0.11962 0.11861 0.11861 0.12032 0.11966
  0.12033 0.12024 0.12148 0.12058 0.12053 0.12055 0.12167 0.122   0.12178
  0.12277 0.12229 0.12318 0.12252 0.12274 0.12236 0.12468 0.12346 0.12392
  0.1239  0.12493 0.12433 0.1251  0.12556 0.12685 0.12754 0.12639 0.12585
  0.12706 0.12715 0.12735 0.12823 0.12739 0.12721 0.12778 0.12871 0.12823
  0.12916 0.12925 0.12773 0.12938 0.12869 0.12985 0.13015 0.12929 0.13004
  0.13018 0.13133 0.13228 0.1322  0.13051 0.13207 0.13289 0.13214 0.13328
  0.13226 0.13315 0.1336  0.13386 0.1338  0.13282 0.13489 0.13538 0.13471
  0.13384 0.13481 0.13549 0.13496 0.13593 0.13514 0.13571 0.13578 0.13659
  0.13568 0.13728 0.13718 0.13708 0.13761 0.13702 0.13773 0.1386  0.13801
  0.13874 0.13809 0.13808 0.13859 0.13905 0.13985 0.13984 0.1391  0.13952
  0.14021 0.14122 0.1401  0.14187 0.14083 0.14101 0.14138 0.14072 0.14237
  0.14188 0.14258 0.14291 0.14283 0.14197 0.14249 0.14258 0.14372 0.14304
  0.14344 0.14396 0.14561 0.14348 0.14405 0.14577 0.14504 0.14487 0.14501
  0.14512 0.14613 0.14616 0.14539 0.14689 0.14623 0.147   0.14703 0.14719
  0.14639 0.14681 0.14788 0.14762 0.14814 0.14887 0.14877 0.14761 0.14929
  0.148   0.14978 0.14887 0.14906 0.14932 0.14938 0.15045 0.14922 0.14994
  0.15096 0.14965 0.14985 0.1506  0.15076 0.152   0.15058 0.15115 0.15181
  0.15249 0.15202 0.15138 0.15258 0.15245 0.15306 0.153   0.1526  0.15173
  0.15346 0.15321 0.1545  0.15389 0.15501 0.15321 0.15391 0.15387 0.15561
  0.1552  0.15577 0.15594 0.1563  0.15593 0.1555  0.15586 0.15543 0.15674
  0.15676 0.15575 0.15558 0.15629 0.15692 0.15728 0.158   0.15783 0.15729
  0.15774 0.15786 0.15801 0.15869 0.1578  0.15919 0.15888 0.15878 0.159
  0.15885 0.1588  0.15929 0.15983 0.16015 0.16074 0.16036 0.16015 0.16071
  0.16112 0.16095 0.16091 0.16208 0.16061 0.16167 0.16174 0.16129 0.16109
  0.16055 0.16105 0.16172 0.16337 0.16252 0.16133 0.16113 0.16315 0.16323
  0.1622  0.16233 0.16319 0.16372 0.16331 0.16326 0.16419 0.16452 0.16417
  0.1651  0.16379 0.16536 0.16498 0.16439 0.16493 0.16468 0.16537 0.1656
  0.16485 0.16651 0.1658  0.16588 0.16574 0.16632 0.16612 0.16635 0.16659
  0.16742 0.16594 0.16582 0.16698 0.16738 0.16731 0.16866 0.16741 0.1668
  0.16788 0.16811 0.1679  0.16857 0.16769 0.16897 0.16983 0.16819 0.16885
  0.16975 0.16891 0.16872 0.17018 0.16955 0.16917 0.16937 0.16968 0.16967
  0.17133 0.17035 0.17111 0.17048 0.17082 0.17149 0.17073 0.17183 0.17139
  0.16982 0.17217 0.17137 0.17189 0.17237 0.1733  0.1726  0.17295 0.17272
  0.17251 0.17303 0.173   0.17318 0.17321 0.17321 0.17377 0.1727  0.17318
  0.17316 0.17369 0.17412 0.17434 0.1744  0.17395 0.17426 0.1738  0.17484
  0.17496 0.17636 0.17531 0.17472 0.17475 0.17409 0.17465 0.17538 0.17522
  0.17654 0.17633 0.17553 0.17615 0.1769  0.17673 0.17674 0.17809 0.17581
  0.17641 0.17739 0.17752 0.1771  0.17727 0.17759 0.17817 0.17736 0.17767
  0.17598 0.17859 0.17781 0.17686 0.17857 0.17764 0.17831 0.17886 0.17852
  0.17893 0.17809 0.17955 0.17948 0.1802  0.17996 0.18084 0.17902 0.1796
  0.18072 0.1801  0.18003 0.18069 0.17996 0.17947 0.18094 0.17998 0.17977
  0.18089 0.18086 0.1814  0.18138 0.18005 0.18064 0.18145 0.18286 0.18166
  0.18208 0.18206 0.18197 0.18052 0.18181 0.18226 0.18175 0.18306 0.1823
  0.18209 0.18263 0.18224 0.18338 0.18333 0.18353 0.18151 0.18414 0.18497
  0.18379 0.18368 0.1838  0.18427 0.18428 0.18378 0.18443 0.18453 0.18535
  0.1835  0.18539 0.18529 0.18599 0.18479 0.18498 0.18547 0.18454 0.18476
  0.18471 0.18563 0.18556 0.185   0.18546 0.18513 0.18563 0.18619 0.18565
  0.18572 0.18604 0.18702 0.18545 0.18586 0.18557 0.18667 0.18599 0.18623
  0.18631 0.18746 0.18608 0.18639 0.18625 0.18644 0.18758 0.18685 0.18736
  0.188   0.18811 0.18684 0.18764 0.18749 0.18702 0.18889 0.18821 0.18826
  0.18915 0.18845 0.18899 0.18848 0.18792 0.18779 0.1892  0.19068 0.18815
  0.19009 0.18899 0.18982 0.18888 0.18965 0.18991 0.19024 0.18965 0.19038
  0.19065 0.19021 0.18985 0.19024 0.19001 0.19072 0.19118 0.19119 0.1913
  0.19262 0.19099 0.19234 0.19162 0.19077 0.19126 0.19132 0.1917  0.19338
  0.19103 0.19217 0.19161 0.19225 0.19243 0.19342 0.19193 0.19364 0.19322
  0.19252 0.19278 0.19327 0.19301 0.19321 0.19424 0.19274 0.19391 0.19377
  0.19488 0.19368 0.19454 0.19348 0.19401 0.19398 0.19519 0.19505 0.19465
  0.19525 0.19514 0.19498 0.19518 0.19466 0.19567 0.1958  0.1946  0.19571
  0.19638 0.19579 0.19651 0.19508 0.19633 0.19569 0.19593 0.19554 0.19635
  0.19596 0.19634 0.19606 0.19683 0.1967  0.19675 0.19746 0.19657 0.19775
  0.19653 0.19723 0.19759 0.19688 0.19768 0.19738 0.19722 0.19682 0.19788
  0.19728 0.19794 0.19787 0.19774 0.19786 0.19803 0.19713 0.19725 0.19744
  0.19808 0.19747 0.1981  0.19724 0.198   0.19751 0.19857 0.19672 0.1971
  0.19729 0.19866 0.19762 0.19732 0.1978  0.19879 0.19693 0.1975  0.19737
  0.19664 0.19809 0.19678 0.19817 0.19807 0.19756 0.19694 0.198   0.19706
  0.19669 0.19696 0.19734 0.19655 0.19719 0.19681 0.19784 0.19687 0.19686
  0.19592 0.19652 0.19625 0.19744 0.19578 0.19477 0.19629 0.1953  0.1953
  0.19594 0.19564 0.19594 0.19509 0.19507 0.1963  0.19522 0.19585 0.19604
  0.19542 0.19521 0.19414 0.19476 0.19437 0.19493 0.19501 0.19423 0.19351
  0.19523 0.1948  0.19418 0.19306 0.19466 0.19436 0.19455 0.19322 0.19329
  0.19479 0.19384 0.19291 0.19383 0.19367 0.19296 0.19305 0.19353 0.19357
  0.19277 0.19462 0.19241 0.19304 0.19349 0.19332 0.19261 0.19197 0.1923
  0.19257 0.19253 0.19296 0.19194 0.19233 0.19179 0.1941  0.19252 0.19336
  0.19348 0.19338 0.19369 0.19275 0.19358 0.19385 0.19398 0.1937  0.19486
  0.1938  0.19381 0.19379 0.19479 0.19469 0.19591 0.19459 0.19423 0.19559
  0.19531 0.19454 0.19565 0.19574 0.19581 0.19628 0.19755 0.19714 0.19745
  0.19766 0.19862 0.1978  0.1994  0.19815 0.19934 0.20016 0.20111 0.20117
  0.20224 0.20281 0.20182 0.20149 0.20222 0.20272 0.20392 0.20452 0.20527
  0.20671 0.20576 0.20722 0.207   0.20884 0.20892 0.2092  0.21019 0.21063
  0.212   0.21097 0.2124  0.21234 0.21409 0.21583 0.2162  0.21764 0.21748
  0.21808 0.21955 0.21925 0.22075 0.22228 0.22266 0.22426 0.22409 0.22535
  0.22716 0.22768 0.22896 0.2302  0.23001 0.23208 0.23241 0.2342  0.23573
  0.23633 0.23722]
 [0.      0.1148  0.11997 0.12262 0.1254  0.12755 0.12813 0.13139 0.13184
  0.13239 0.13397 0.13667 0.13687 0.13675 0.13994 0.13968 0.14204 0.14208
  0.14349 0.14242 0.14481 0.14485 0.1452  0.14742 0.14733 0.14659 0.14867
  0.14961 0.14813 0.15036 0.14994 0.15138 0.15174 0.1511  0.15222 0.15401
  0.15469 0.15463 0.15464 0.15439 0.15552 0.15512 0.1563  0.15612 0.15757
  0.15805 0.15773 0.15893 0.15727 0.15988 0.16075 0.1597  0.1609  0.16019
  0.16041 0.16137 0.16081 0.16199 0.16225 0.16325 0.16168 0.16401 0.16487
  0.1652  0.16561 0.16461 0.1657  0.16734 0.16708 0.16615 0.1667  0.16765
  0.16722 0.16678 0.169   0.168   0.16896 0.16978 0.16889 0.16799 0.17004
  0.17055 0.17104 0.17176 0.17163 0.1709  0.17239 0.17177 0.17238 0.17256
  0.17446 0.17281 0.17423 0.17381 0.17432 0.17394 0.17424 0.17552 0.17603
  0.17676 0.1758  0.17566 0.17633 0.17628 0.1755  0.17684 0.17782 0.17755
  0.17843 0.17762 0.17803 0.18009 0.17943 0.17869 0.17848 0.17924 0.18011
  0.17899 0.18038 0.17974 0.17971 0.18088 0.18199 0.18054 0.18139 0.18177
  0.18138 0.18166 0.18274 0.18194 0.18259 0.18361 0.18217 0.1832  0.18251
  0.18289 0.1845  0.18267 0.1831  0.18444 0.18422 0.18442 0.18469 0.18515
  0.18695 0.18611 0.18671 0.18509 0.18566 0.18621 0.1869  0.18647 0.18703
  0.188   0.18709 0.18664 0.18643 0.18722 0.18774 0.18777 0.1876  0.18987
  0.18887 0.18852 0.18976 0.18978 0.18829 0.18886 0.18874 0.18959 0.18825
  0.18814 0.19063 0.18923 0.18918 0.18946 0.18903 0.18929 0.19023 0.19172
  0.19096 0.19144 0.18989 0.19056 0.18877 0.19184 0.19141 0.19112 0.19108
  0.19044 0.19289 0.19056 0.1923  0.19224 0.19154 0.19114 0.19076 0.19291
  0.19183 0.19213 0.19173 0.19142 0.19105 0.19269 0.19198 0.19353 0.19259
  0.1932  0.19347 0.19247 0.19382 0.19417 0.19225 0.19307 0.19174 0.19507
  0.19337 0.19285 0.19324 0.19358 0.19224 0.19349 0.19391 0.19358 0.19511
  0.19357 0.1941  0.19233 0.19315 0.19297 0.19459 0.19482 0.19452 0.19456
  0.19237 0.19412 0.19432 0.19354 0.19524 0.19438 0.19511 0.19461 0.19334
  0.19471 0.19601 0.19518 0.19486 0.19478 0.19441 0.19474 0.19433 0.19629
  0.19461 0.19581 0.1948  0.19499 0.19406 0.19345 0.19354 0.19469 0.1956
  0.19607 0.1955  0.19603 0.19477 0.19523 0.19557 0.19592 0.19482 0.19514
  0.19509 0.19463 0.19556 0.1956  0.19702 0.19566 0.19653 0.19561 0.197
  0.19527 0.19544 0.1966  0.19598 0.19509 0.19685 0.19657 0.19622 0.19488
  0.19671 0.19538 0.19636 0.19741 0.19612 0.19584 0.19641 0.19621 0.19671
  0.19766 0.19815 0.19775 0.19559 0.19601 0.19676 0.19619 0.19606 0.19764
  0.19632 0.19641 0.1969  0.1958  0.19664 0.19855 0.19769 0.19676 0.19741
  0.19704 0.19669 0.19863 0.19716 0.19892 0.1972  0.19644 0.19699 0.19795
  0.1972  0.19632 0.19726 0.19795 0.19828 0.19701 0.19774 0.19706 0.1973
  0.19806 0.19666 0.19719 0.19774 0.19775 0.19872 0.19859 0.19805 0.19798
  0.1988  0.19874 0.19923 0.19812 0.19769 0.19864 0.19961 0.19825 0.19834
  0.19752 0.19874 0.19839 0.19908 0.198   0.19916 0.19884 0.1994  0.1984
  0.19848 0.19865 0.20024 0.2012  0.20025 0.19956 0.19973 0.20015 0.19963
  0.19963 0.19996 0.20019 0.20037 0.19973 0.1997  0.20051 0.19971 0.20027
  0.20117 0.20017 0.19985 0.20116 0.2011  0.20106 0.20064 0.20116 0.19935
  0.19952 0.2032  0.20144 0.20048 0.20121 0.20101 0.20101 0.20079 0.20229
  0.20175 0.20097 0.20129 0.20021 0.20215 0.20032 0.20128 0.20086 0.20081
  0.20124 0.20138 0.20127 0.20144 0.20026 0.20166 0.20331 0.20161 0.20287
  0.20149 0.20061 0.20071 0.20256 0.20085 0.20144 0.20187 0.20219 0.20109
  0.20173 0.20353 0.20288 0.20285 0.20314 0.20234 0.20238 0.20315 0.20303
  0.20353 0.20297 0.20225 0.20189 0.20383 0.20285 0.203   0.20265 0.20293
  0.20204 0.20478 0.20229 0.20229 0.20408 0.20446 0.20305 0.20264 0.20383
  0.20321 0.20399 0.20251 0.20375 0.20491 0.20343 0.20372 0.20421 0.20347
  0.20389 0.20383 0.20459 0.20385 0.20455 0.20302 0.20415 0.20484 0.20478
  0.20397 0.20339 0.20264 0.20427 0.20415 0.20478 0.20491 0.20439 0.2049
  0.2034  0.20447 0.20506 0.20551 0.20449 0.20505 0.20395 0.20565 0.20531
  0.20608 0.20438 0.20484 0.20588 0.20437 0.20538 0.2057  0.2053  0.20458
  0.20517 0.20568 0.20581 0.20507 0.20504 0.20517 0.20555 0.2053  0.20533
  0.20679 0.20665 0.2063  0.20576 0.20688 0.20598 0.20588 0.20675 0.20624
  0.20541 0.20525 0.20693 0.20576 0.20713 0.20683 0.20647 0.20591 0.20726
  0.20619 0.20688 0.20712 0.20694 0.20704 0.20623 0.20749 0.20738 0.20673
  0.20584 0.20687 0.20779 0.2075  0.20812 0.20716 0.20757 0.20765 0.20798
  0.2081  0.20777 0.20737 0.20684 0.20693 0.20867 0.20808 0.20806 0.20809
  0.2075  0.20821 0.20737 0.20825 0.20747 0.20851 0.20878 0.20683 0.20808
  0.20866 0.20874 0.20754 0.20926 0.20925 0.20827 0.20866 0.20953 0.20929
  0.20928 0.2098  0.21063 0.20965 0.20933 0.20859 0.20999 0.20956 0.20948
  0.20837 0.21011 0.21058 0.2096  0.2108  0.21119 0.20905 0.21031 0.21148
  0.21106 0.20953 0.21184 0.2112  0.21141 0.21098 0.21106 0.21061 0.21092
  0.21052 0.21196 0.20935 0.21183 0.21151 0.21271 0.21156 0.21279 0.21298
  0.21108 0.21286 0.21245 0.2124  0.21159 0.21085 0.21095 0.21204 0.21252
  0.21212 0.21284 0.21292 0.2129  0.21173 0.2124  0.21329 0.21294 0.21354
  0.21244 0.21194 0.21236 0.21332 0.21331 0.21328 0.21318 0.21391 0.21286
  0.21397 0.21243 0.21355 0.21327 0.21413 0.21497 0.21397 0.21455 0.21498
  0.21515 0.2149  0.21364 0.2147  0.2134  0.21348 0.21415 0.21439 0.21346
  0.21539 0.21477 0.21467 0.21528 0.2145  0.21611 0.21515 0.21464 0.2143
  0.21616 0.21441 0.21446 0.21635 0.21621 0.21637 0.21447 0.2144  0.21513
  0.2165  0.21643 0.21458 0.21626 0.21641 0.21665 0.21682 0.21648 0.21704
  0.2173  0.21607 0.21599 0.21488 0.21535 0.21614 0.21609 0.21667 0.2163
  0.21611 0.21489 0.21641 0.21676 0.21674 0.21721 0.2169  0.21826 0.21699
  0.21644 0.21713 0.21925 0.21762 0.21725 0.21726 0.21725 0.21678 0.21811
  0.21831 0.21634 0.21899 0.21783 0.21758 0.21769 0.21927 0.21755 0.21757
  0.21772 0.21785 0.21801 0.2186  0.21928 0.21759 0.21818 0.21808 0.21985
  0.21672 0.21836 0.22017 0.21834 0.21984 0.21826 0.2175  0.2187  0.2195
  0.21911 0.21904 0.21873 0.21946 0.21904 0.21993 0.21964 0.21882 0.21977
  0.2194  0.2208  0.22027 0.21972 0.21883 0.21931 0.22083 0.22024 0.22019
  0.22083 0.22031 0.2198  0.22049 0.22093 0.22088 0.22118 0.21953 0.22075
  0.22037 0.22127 0.2222  0.22046 0.2213  0.2208  0.22127 0.22118 0.22072
  0.22018 0.22228 0.22267 0.22268 0.22135 0.22206 0.22234 0.22285 0.22171
  0.22278 0.2217  0.22236 0.22236 0.2218  0.22316 0.22298 0.22238 0.22208
  0.22315 0.22283 0.22305 0.22312 0.2219  0.22208 0.22395 0.22406 0.22336
  0.22537 0.22179 0.22423 0.22444 0.22433 0.22181 0.22575 0.22414 0.224
  0.2238  0.22395 0.2242  0.22316 0.22468 0.22461 0.22494 0.22424 0.22575
  0.22409 0.22451 0.22566 0.22541 0.22456 0.2248  0.22519 0.22542 0.22608
  0.22624 0.22635 0.22595 0.22605 0.22559 0.22664 0.22505 0.22493 0.22547
  0.22641 0.22457 0.22673 0.22569 0.22561 0.22596 0.2271  0.22593 0.2264
  0.22693 0.22635 0.22552 0.22571 0.2273  0.22567 0.22615 0.22694 0.22638
  0.22575 0.22593 0.22588 0.22665 0.2269  0.22588 0.22586 0.22573 0.22621
  0.22593 0.22604 0.22589 0.22541 0.22644 0.22575 0.22484 0.22444 0.22594
  0.2254  0.22634 0.22611 0.22554 0.22502 0.2241  0.22341 0.22371 0.22527
  0.22402 0.22461 0.22445 0.22554 0.22395 0.22305 0.22345 0.22473 0.22431
  0.22459 0.22331 0.22362 0.22219 0.22358 0.22426 0.22278 0.22361 0.22271
  0.22242 0.22211 0.22178 0.22305 0.22169 0.2208  0.22065 0.22224 0.22084
  0.22078 0.22149 0.22043 0.2186  0.22033 0.21951 0.21958 0.22095 0.21842
  0.21966 0.21956 0.21889 0.21859 0.21909 0.2185  0.21766 0.21792 0.21745
  0.21739 0.21599 0.21783 0.2166  0.21628 0.21665 0.21614 0.21527 0.2157
  0.21504 0.21502 0.21511 0.21453 0.21568 0.21385 0.21353 0.21504 0.21534
  0.21241 0.21292 0.21356 0.21256 0.21194 0.21232 0.21162 0.21275 0.21246
  0.21149 0.21163 0.21212 0.21183 0.21148 0.21052 0.21206 0.21003 0.21062
  0.21192 0.20964 0.21045 0.21002 0.2099  0.20984 0.20986 0.20968 0.20844
  0.20925 0.20879 0.20858 0.20893 0.20791 0.20805 0.2102  0.20916 0.20949
  0.20818 0.20982 0.20858 0.20883 0.20951 0.20919 0.20824 0.20806 0.20895
  0.20874 0.20809 0.20993 0.20877 0.20806 0.20874 0.20898 0.20911 0.20838
  0.20903 0.21073 0.2091  0.20944 0.20994 0.21071 0.21032 0.21027 0.21048
  0.21035 0.2117 ]]
Mean: 0.16252, Std Dev: 0.04554
