[0.04678 0.04742 0.04835 0.04949 0.05058 0.05181 0.05297 0.0539  0.05442
 0.05472 0.05482 0.05473 0.05424 0.0535  0.05264 0.05185 0.05101 0.05011
 0.04925 0.04844 0.04806 0.04775 0.04742 0.04746 0.04761 0.04777 0.04802
 0.04849 0.04872 0.04917 0.04948 0.04995 0.05052 0.0513  0.05193 0.05282
 0.05373 0.05455 0.0554  0.05583 0.05635 0.05623 0.05591 0.05581 0.05511
 0.05426 0.05345 0.05264 0.05162 0.05066 0.04985 0.04907 0.0485  0.04792
 0.04757 0.04723 0.04671 0.04644 0.04661 0.04623 0.04641 0.04657 0.04697
 0.0475  0.04846 0.04953 0.0505  0.05178 0.05294 0.05393 0.05462 0.05482
 0.05524 0.05501 0.05458 0.05384 0.05327 0.05257 0.05167 0.05081 0.05014
 0.04946 0.04888 0.04838 0.0481  0.04819 0.04824 0.04852 0.04881 0.04892
 0.04921 0.04956 0.05017 0.05049 0.05105 0.05179 0.0525  0.05338 0.05429
 0.05523]
Mean: 0.05092, Std Dev: 0.00291
