[0.03366 0.03364 0.03374 0.03398 0.03413 0.03458 0.03495 0.03516 0.03502
 0.03478 0.03449 0.03401 0.0337  0.0333  0.03281 0.0325  0.03226 0.03197
 0.03185 0.03182 0.03181 0.03183 0.03193 0.03219 0.03256 0.03324 0.03388
 0.03474 0.03573 0.03722 0.04251 0.0388  0.03634 0.03548 0.03436 0.03413
 0.03415 0.03447 0.03491 0.03528 0.03562 0.03566 0.03563 0.03532 0.03496
 0.03456 0.03423 0.03386 0.03352 0.03329 0.03332 0.03337 0.03342 0.03364
 0.03387 0.03417 0.03438 0.03458 0.03471 0.03465 0.03462 0.03458 0.03447
 0.03437 0.03444 0.03454 0.03479 0.03514 0.03549 0.03586 0.03598 0.03589
 0.03544 0.03508 0.0348  0.03433 0.03395 0.03365 0.0334  0.03321 0.03308
 0.03304 0.03309 0.03318 0.03323 0.03342 0.03383 0.03438 0.03499 0.03565
 0.0367  0.03759 0.04048 0.04253 0.03778 0.03718 0.03596 0.03532 0.03527
 0.0356 ]
Mean: 0.03461, Std Dev: 0.00185
