[0.03035 0.03034 0.03019 0.03021 0.03024 0.03045 0.03059 0.03072 0.03078
 0.03067 0.03046 0.03024 0.02997 0.02967 0.02933 0.02904 0.02882 0.02878
 0.02882 0.02898 0.02905 0.02909 0.02913 0.02916 0.0295  0.02999 0.03056
 0.03129 0.03217 0.03322 0.03652 0.03356 0.03218 0.03139 0.0308  0.03072
 0.03084 0.03121 0.03156 0.03187 0.03193 0.03187 0.03174 0.03147 0.03111
 0.03074 0.03057 0.0305  0.0304  0.03049 0.03057 0.03069 0.03079 0.03093
 0.03114 0.03131 0.03135 0.03148 0.03135 0.03129 0.03117 0.03106 0.03089
 0.03078 0.03071 0.03077 0.03078 0.03088 0.03102 0.03106 0.03115 0.03106
 0.03091 0.03063 0.03036 0.03013 0.02979 0.02949 0.02936 0.02926 0.02929
 0.0294  0.02955 0.02963 0.02963 0.02959 0.02977 0.03005 0.03054 0.03119
 0.03216 0.03343 0.03455 0.03565 0.03278 0.03168 0.03122 0.0309  0.03103
 0.03129]
Mean: 0.03079, Std Dev: 0.00130
