[[0.01019 0.0098  0.0096  0.00958 0.00942 0.00933 0.00928 0.00928 0.00921
  0.00913 0.00914 0.0091  0.00917 0.00916 0.0092  0.00925 0.00929 0.00934
  0.00945 0.00945 0.00957 0.00968 0.00987 0.00989 0.01005 0.01014 0.0102
  0.01022 0.01029 0.01034 0.01033 0.01034 0.0104  0.01033 0.0104  0.01045
  0.01054 0.01056 0.0106  0.01072 0.01069 0.01075 0.01082 0.01083 0.01081
  0.01092 0.01098 0.01099 0.01103 0.01103 0.01106 0.01114 0.01119 0.01112
  0.01125 0.01124 0.01118 0.01122 0.01119 0.01119 0.01115 0.01117 0.01122
  0.01123 0.01124 0.01111 0.01118 0.01121 0.01125 0.01126 0.01124 0.01119
  0.01117 0.01117 0.01119 0.01115 0.01114 0.01121 0.0112  0.01112 0.01118
  0.01119 0.01113 0.01109 0.01119 0.01109 0.01112 0.01114 0.01116 0.01123
  0.01123 0.01126 0.01126 0.01129 0.01134 0.01146 0.01138 0.01145 0.01157
  0.01166 0.01171 0.01179 0.01178 0.01198 0.01205 0.01221 0.01228 0.0125
  0.01257 0.01279 0.01288 0.01306 0.01318 0.01338 0.0135  0.01368 0.01387
  0.0141  0.0143  0.01449 0.01476 0.01492 0.01518 0.01552 0.01575 0.01602
  0.0163  0.01655 0.01686 0.0172  0.01755 0.01782 0.0181  0.01845 0.01881
  0.01917 0.01952 0.01988 0.02027 0.02066 0.02095 0.02133 0.02171 0.02206
  0.02252 0.02289 0.02329 0.02364 0.02402 0.02446 0.02488 0.02521 0.02569
  0.02608 0.02641 0.02681 0.02721 0.02757 0.02805 0.02845 0.02881 0.0293
  0.02972 0.03006 0.03043 0.03083 0.03129 0.03164 0.03199 0.03239 0.03273
  0.03303 0.03335 0.0337  0.03414 0.03438 0.0348  0.03523 0.03544 0.03575
  0.03602 0.03642 0.03668 0.03701 0.03744 0.03781 0.03807 0.03842 0.03869
  0.03903 0.03928 0.03949 0.03974 0.04002 0.04024 0.0405  0.04078 0.04102
  0.04126 0.04144 0.04164 0.04166 0.0419  0.04212 0.04237 0.0426  0.04273
  0.04297 0.04324 0.04347 0.04362 0.04379 0.04405 0.0442  0.04434 0.04445
  0.04455 0.04476 0.04482 0.045   0.04516 0.04517 0.04529 0.04542 0.0455
  0.04552 0.04565 0.04562 0.04571 0.0457  0.0457  0.04577 0.04578 0.04591
  0.04593 0.04599 0.04604 0.04605 0.04601 0.04599 0.04609 0.04612 0.04609
  0.04613 0.04627 0.04634 0.04641 0.04654 0.04668 0.04676 0.04683 0.04696
  0.04699 0.04706 0.04727 0.04733 0.04734 0.04745 0.04767 0.04776 0.04779
  0.04789 0.04792 0.048   0.04802 0.04806 0.04806 0.04802 0.04816 0.04837
  0.04854 0.04865 0.04888 0.04895 0.04901 0.04894 0.04894 0.04911 0.04925
  0.04932 0.04951 0.04941 0.04948 0.04951 0.04939 0.04943 0.04949 0.04962
  0.04989 0.05032 0.05068 0.05106 0.05129 0.05166 0.05223 0.05262 0.0529
  0.05336 0.05375 0.05397 0.05431 0.05456 0.05504 0.05578 0.05639 0.05687
  0.05756 0.05807 0.05871 0.05929 0.05952 0.05965 0.05965 0.05949 0.05933
  0.05928 0.05931 0.05962 0.0598  0.06    0.06002 0.06011 0.06011 0.06015
  0.05992 0.06009 0.0603  0.06058 0.06014 0.05985 0.0595  0.05878 0.05787
  0.05714 0.05655 0.05615 0.05593 0.05581 0.05566 0.05532 0.05492 0.05457
  0.05373 0.05313 0.05231 0.05165 0.05123 0.05073 0.05041 0.05018 0.04987
  0.04973 0.04962 0.04964 0.04937 0.04919 0.04887 0.0485  0.04786 0.04715
  0.04669 0.04617 0.04566 0.04522 0.045   0.04467 0.04453 0.04437 0.0443
  0.04415 0.04371 0.04351 0.04315 0.04296 0.04301 0.04299 0.04287 0.04273
  0.04265 0.04248 0.04249 0.04241 0.04212 0.04197 0.04158 0.04141 0.04133
  0.04111 0.04113 0.04113 0.04124 0.04112 0.04097 0.04084 0.04081 0.04094
  0.041   0.04106 0.04104 0.04113 0.04096 0.04087 0.04086 0.04082 0.04087
  0.04086 0.0408  0.04082 0.04091 0.04072 0.04076 0.04086 0.04081 0.04089
  0.0409  0.04089 0.04094 0.04102 0.04093 0.04082 0.04081 0.04071 0.04087
  0.04092 0.04081 0.04087 0.04097 0.04093 0.04101 0.04099 0.04103 0.041
  0.04093 0.04095 0.041   0.04106 0.04106 0.04113 0.04127 0.04116 0.04117
  0.04117 0.04124 0.04134 0.04124 0.04131 0.04136 0.0415  0.04145 0.04154
  0.04149 0.04145 0.04147 0.04156 0.04157 0.04137 0.04146 0.04144 0.04142
  0.0413  0.04125 0.04123 0.04108 0.04113 0.04114 0.04147 0.04153 0.04136
  0.04117 0.04102 0.04092 0.04088 0.04071 0.04061 0.04059 0.04047 0.04042
  0.04023 0.04004 0.04003 0.03988 0.03974 0.03961 0.03955 0.03948 0.03928
  0.03919 0.03912 0.03894 0.03885 0.03881 0.03861 0.03842 0.03829 0.03828
  0.03809 0.03812 0.03781 0.03772 0.03749 0.03736 0.03725 0.03705 0.03682
  0.03668 0.03647 0.03633 0.03616 0.03598 0.03581 0.03566 0.0355  0.03535
  0.0352  0.03493 0.03483 0.03465 0.03453 0.03443 0.03421 0.03413 0.03392
  0.03379 0.03367 0.03361 0.03346 0.03337 0.03324 0.03318 0.03306 0.03301
  0.03288 0.03275 0.03274 0.03252 0.03245 0.03233 0.03223 0.03196 0.03192
  0.03181 0.03162 0.03166 0.03147 0.0314  0.03138 0.03118 0.03115 0.03108
  0.03103 0.03097 0.03087 0.03078 0.03081 0.03071 0.03061 0.03069 0.03065
  0.03066 0.03065 0.03055 0.03073 0.03071 0.03077 0.03078 0.03084 0.03088
  0.03098 0.03098 0.0311  0.03111 0.03112 0.03121 0.03127 0.03125 0.0313
  0.03134 0.03132 0.03127 0.0313  0.03123 0.03127 0.0312  0.03119 0.03123
  0.03121 0.03125 0.03117 0.0311  0.03108 0.03112 0.0311  0.03107 0.03099
  0.03085 0.03092 0.03096 0.0309  0.03086 0.03083 0.03073 0.03085 0.0308
  0.03086 0.03077 0.03074 0.03063 0.03074 0.03076 0.03068 0.03079 0.03072
  0.03067 0.0308  0.03074 0.03079 0.0308  0.0308  0.03074 0.03083 0.0308
  0.03082 0.03078 0.03074 0.03076 0.03074 0.03072 0.03073 0.03074 0.03073
  0.0308  0.03079 0.03088 0.03086 0.0309  0.03097 0.03107 0.03095 0.03101
  0.03112 0.03119 0.03114 0.03112 0.03119 0.03112 0.03121 0.03131 0.03126
  0.03129 0.03137 0.03135 0.0313  0.03144 0.03143 0.03148 0.03152 0.0316
  0.03158 0.03154 0.03159 0.03153 0.03151 0.03162 0.03178 0.03169 0.03173
  0.03169 0.03173 0.03183 0.03174 0.03173 0.03177 0.03173 0.03169 0.03166
  0.03172 0.03175 0.03169 0.03171 0.03184 0.03169 0.03172 0.03167 0.03184
  0.03197 0.03203 0.03204 0.03197 0.03213 0.0322  0.03215 0.03223 0.03218
  0.03221 0.03225 0.03233 0.03228 0.03245 0.03236 0.03243 0.03259 0.03266
  0.03243 0.03268 0.03278 0.03274 0.03273 0.03276 0.03296 0.03287 0.03301
  0.03303 0.03312 0.03318 0.03323 0.03319 0.03342 0.03334 0.03338 0.03344
  0.03353 0.0336  0.0337  0.03375 0.03377 0.03384 0.03382 0.03377 0.03399
  0.03388 0.0339  0.03385 0.03403 0.03403 0.03404 0.03415 0.03414 0.03408
  0.03416 0.03421 0.03429 0.03422 0.03431 0.03419 0.03422 0.03419 0.03419
  0.03423 0.0342  0.03425 0.03417 0.03408 0.034   0.03406 0.03399 0.03402
  0.03403 0.03404 0.03392 0.03379 0.03388 0.03365 0.03362 0.03343 0.03339
  0.03329 0.0333  0.03319 0.03319 0.03311 0.03296 0.03299 0.03291 0.03282
  0.03282 0.03276 0.03255 0.0325  0.03247 0.03237 0.03228 0.03215 0.03212
  0.03213 0.03198 0.03202 0.03185 0.03178 0.03155 0.03143 0.03136 0.03127
  0.03108 0.03094 0.03076 0.03071 0.0307  0.0306  0.0306  0.03048 0.03037
  0.03037 0.03038 0.03026 0.03028 0.0302  0.03022 0.03006 0.03009 0.02995
  0.02997 0.02982 0.0298  0.0298  0.02971 0.02974 0.02958 0.02964 0.02951
  0.02943 0.02938 0.02943 0.02938 0.02927 0.0293  0.02933 0.02914 0.02913
  0.02916 0.02911 0.02913 0.02899 0.02909 0.02889 0.02893 0.02898 0.02879
  0.02887 0.02882 0.02885 0.02884 0.02888 0.02883 0.02879 0.02883 0.0287
  0.02875 0.02878 0.02872 0.02875 0.02879 0.02872 0.02863 0.02871 0.02861
  0.02858 0.02858 0.02855 0.02858 0.02847 0.02847 0.02838 0.02835 0.02828
  0.02818 0.02803 0.02795 0.02786 0.02774 0.02768 0.02758 0.02752 0.02749
  0.02741 0.02748 0.02737 0.02738 0.02729 0.02712 0.02714 0.02713 0.02707
  0.02699 0.02693 0.02684 0.02691 0.02674 0.02677 0.02683 0.02676 0.02674
  0.02671 0.0267  0.02669 0.02664 0.02682 0.02667 0.02666 0.02656 0.02659
  0.02664 0.02642 0.0265  0.02657 0.02638 0.0264  0.02639 0.02633 0.02624
  0.02633 0.02626 0.02608 0.02606 0.02605 0.02596 0.02591 0.02586 0.02585
  0.02582 0.02582 0.02569 0.02578 0.02566 0.02559 0.02551 0.0254  0.02547
  0.02531 0.02536 0.02521 0.02531 0.02534 0.02523 0.02533 0.02528 0.02537
  0.02536 0.02534 0.02526 0.0253  0.02536 0.02534 0.02536 0.02536 0.02541
  0.02535 0.02539 0.02545 0.02548 0.02546 0.02533 0.02535 0.02544 0.0253
  0.02538 0.02533 0.02534 0.0253  0.02528 0.02525 0.02524 0.02516 0.0253
  0.02531 0.02533 0.02538 0.02549 0.02555 0.02558 0.02567 0.02585 0.02591
  0.02604 0.02612 0.02629 0.02642 0.02654 0.02681 0.02686 0.027   0.02724
  0.02727 0.02746 0.02762 0.02765 0.02787 0.02791 0.02793 0.02816 0.02836
  0.0285  0.02875 0.02895 0.02912 0.02944 0.02966 0.02981 0.03016 0.03052
  0.03065 0.03089]
 [0.01194 0.01145 0.01113 0.01085 0.01062 0.01036 0.01011 0.00988 0.00967
  0.00955 0.00935 0.00916 0.00905 0.00896 0.0088  0.0088  0.00872 0.0087
  0.00857 0.00845 0.00847 0.0084  0.00843 0.00839 0.00833 0.00834 0.00835
  0.00836 0.00837 0.00834 0.00829 0.0084  0.00835 0.00845 0.00842 0.00845
  0.0085  0.00843 0.00849 0.00858 0.00865 0.00866 0.00869 0.00878 0.00876
  0.00884 0.00885 0.00899 0.00901 0.00907 0.00911 0.0092  0.00927 0.00931
  0.00936 0.00944 0.00946 0.00953 0.00962 0.00965 0.00982 0.00981 0.00991
  0.01004 0.01009 0.01017 0.01018 0.01028 0.01042 0.01054 0.01059 0.01067
  0.01081 0.01087 0.01104 0.01114 0.01118 0.01142 0.01148 0.01165 0.01175
  0.01195 0.01207 0.01223 0.01241 0.01263 0.01279 0.01292 0.01309 0.01332
  0.01354 0.0137  0.01393 0.01412 0.01427 0.01452 0.01481 0.01499 0.01528
  0.01551 0.0157  0.01599 0.01635 0.01648 0.01679 0.01709 0.01729 0.01762
  0.01802 0.01833 0.01863 0.01882 0.01928 0.01964 0.01989 0.02014 0.02046
  0.02087 0.02126 0.02145 0.02184 0.02218 0.02259 0.02293 0.02324 0.02357
  0.02395 0.02436 0.02481 0.02514 0.02557 0.02596 0.02646 0.02685 0.02736
  0.02781 0.02826 0.02886 0.02938 0.02986 0.0304  0.03097 0.03145 0.03204
  0.03261 0.03327 0.03391 0.03456 0.03526 0.03598 0.0366  0.03744 0.03811
  0.03888 0.03966 0.04044 0.04136 0.04217 0.04306 0.04395 0.04481 0.04573
  0.04666 0.04749 0.04853 0.04955 0.0506  0.05166 0.05271 0.05382 0.05493
  0.05614 0.05723 0.05844 0.05969 0.06101 0.06223 0.06354 0.06485 0.06625
  0.06765 0.06905 0.07038 0.07185 0.07322 0.07477 0.07623 0.07758 0.07912
  0.08065 0.08218 0.08368 0.08513 0.08668 0.08829 0.08984 0.0914  0.093
  0.09455 0.09615 0.09776 0.09946 0.10094 0.10258 0.10405 0.10567 0.10712
  0.10857 0.11011 0.11169 0.11317 0.11472 0.11621 0.11779 0.11939 0.12087
  0.12251 0.12404 0.12555 0.12712 0.12858 0.13003 0.13151 0.13301 0.13439
  0.13587 0.1373  0.13872 0.14016 0.14161 0.14291 0.14436 0.14569 0.14696
  0.14836 0.14969 0.15095 0.15222 0.15352 0.15477 0.15588 0.15703 0.15814
  0.15923 0.16033 0.16148 0.16249 0.16353 0.16443 0.16544 0.16638 0.16725
  0.16828 0.16921 0.17019 0.17088 0.17165 0.17252 0.17323 0.17393 0.17469
  0.17538 0.17605 0.17676 0.17746 0.17803 0.1788  0.17942 0.18003 0.18063
  0.18127 0.18176 0.1822  0.18271 0.18314 0.18368 0.18418 0.18463 0.1852
  0.18561 0.18596 0.18644 0.18689 0.18729 0.18783 0.18813 0.18852 0.18884
  0.18921 0.18958 0.18985 0.1902  0.19042 0.19072 0.19098 0.19113 0.19134
  0.1915  0.19167 0.19182 0.19199 0.19214 0.19221 0.19238 0.19255 0.19268
  0.19271 0.19286 0.19292 0.19311 0.19335 0.19368 0.19364 0.19357 0.19366
  0.1937  0.19396 0.19387 0.19381 0.19374 0.19359 0.19363 0.19367 0.19372
  0.19388 0.1939  0.19404 0.19418 0.19426 0.19447 0.1945  0.19457 0.1945
  0.19447 0.19454 0.19461 0.19444 0.19425 0.1943  0.19417 0.1942  0.19417
  0.19416 0.19423 0.19421 0.19444 0.19466 0.19498 0.19519 0.19545 0.19587
  0.19617 0.19655 0.19664 0.19701 0.1973  0.19768 0.19802 0.19843 0.19873
  0.19922 0.19954 0.19997 0.20036 0.20079 0.2012  0.20165 0.20203 0.20236
  0.20273 0.20302 0.20336 0.20342 0.20338 0.2037  0.2041  0.2043  0.20447
  0.20456 0.20482 0.20469 0.20463 0.20451 0.20448 0.20444 0.2045  0.20478
  0.20507 0.2058  0.2066  0.20741 0.20819 0.20895 0.20962 0.21027 0.2109
  0.21158 0.21204 0.21266 0.21321 0.21379 0.21439 0.21498 0.21564 0.21618
  0.21668 0.21723 0.21779 0.21806 0.21827 0.21816 0.21794 0.21753 0.21719
  0.21686 0.21633 0.21612 0.21608 0.21628 0.21645 0.21671 0.21699 0.2173
  0.21759 0.21799 0.21816 0.21816 0.21771 0.21716 0.2168  0.21633 0.21613
  0.21588 0.21536 0.21487 0.21455 0.21426 0.21425 0.21434 0.21418 0.21406
  0.21374 0.21347 0.21292 0.21244 0.21168 0.21128 0.21087 0.21027 0.2099
  0.20944 0.20878 0.20865 0.2082  0.20782 0.20756 0.20713 0.20695 0.20655
  0.20631 0.20599 0.20574 0.20566 0.20555 0.20539 0.20532 0.20508 0.20496
  0.20481 0.20445 0.20431 0.20385 0.20333 0.20275 0.20239 0.20191 0.20138
  0.2011  0.2005  0.20013 0.19963 0.199   0.19854 0.19775 0.19684 0.19575
  0.19476 0.19358 0.19255 0.19174 0.19103 0.1907  0.19013 0.18945 0.18897
  0.1884  0.18786 0.18742 0.18703 0.18658 0.18623 0.18585 0.18548 0.18499
  0.18427 0.18375 0.18331 0.18296 0.18248 0.18231 0.18181 0.18162 0.18122
  0.18073 0.18024 0.17986 0.17927 0.17889 0.17869 0.17817 0.17794 0.17764
  0.17749 0.17725 0.17703 0.17678 0.17659 0.17629 0.17613 0.17596 0.17571
  0.17532 0.17505 0.17474 0.17439 0.17395 0.17367 0.17314 0.17273 0.17233
  0.17196 0.17158 0.17133 0.1709  0.17059 0.17023 0.16978 0.16941 0.16897
  0.16843 0.16813 0.16776 0.16746 0.16696 0.16682 0.16645 0.16614 0.16581
  0.16552 0.16522 0.16486 0.16467 0.16434 0.16414 0.16379 0.1636  0.16339
  0.16329 0.16309 0.16308 0.16278 0.16284 0.16278 0.16266 0.16246 0.16246
  0.16227 0.16221 0.16216 0.16205 0.162   0.16185 0.16195 0.16184 0.16175
  0.16172 0.16177 0.16163 0.16162 0.16153 0.16139 0.1614  0.16128 0.16128
  0.16119 0.16118 0.16109 0.16112 0.16094 0.16094 0.16087 0.16082 0.16073
  0.1607  0.16066 0.16059 0.16048 0.16042 0.1604  0.16044 0.16029 0.16035
  0.16024 0.16023 0.16011 0.16006 0.16016 0.16001 0.16005 0.15998 0.15996
  0.15998 0.16005 0.16018 0.15995 0.15997 0.15993 0.16004 0.16003 0.16001
  0.16013 0.16019 0.16011 0.16029 0.16029 0.16042 0.16051 0.16063 0.16082
  0.16079 0.16087 0.16099 0.16092 0.1611  0.16123 0.16126 0.16133 0.16159
  0.16168 0.16186 0.16206 0.16222 0.16237 0.1625  0.16266 0.1629  0.16307
  0.16329 0.16341 0.16362 0.16378 0.16407 0.16427 0.16448 0.16479 0.16498
  0.16522 0.16535 0.16562 0.16593 0.16615 0.16645 0.16656 0.16686 0.16713
  0.16738 0.16769 0.16798 0.16825 0.16849 0.16868 0.16906 0.16932 0.16977
  0.16987 0.17023 0.17059 0.171   0.1712  0.17165 0.17199 0.17233 0.17279
  0.17302 0.17341 0.17381 0.17425 0.17455 0.17497 0.17546 0.17583 0.17629
  0.17674 0.17717 0.17753 0.17802 0.17849 0.17898 0.17944 0.17994 0.18044
  0.18093 0.18143 0.18185 0.18223 0.18287 0.18345 0.18397 0.18451 0.18515
  0.18565 0.18612 0.18666 0.1871  0.18779 0.18823 0.18877 0.18939 0.18993
  0.19052 0.191   0.19164 0.19237 0.19294 0.19347 0.19407 0.1947  0.19534
  0.19597 0.19655 0.19729 0.19785 0.19848 0.19902 0.19966 0.20046 0.20098
  0.20174 0.20227 0.20301 0.20382 0.20442 0.20515 0.20592 0.20656 0.2073
  0.20798 0.20868 0.20941 0.21015 0.21083 0.21168 0.21235 0.21318 0.21389
  0.21462 0.21539 0.21616 0.21685 0.2177  0.21859 0.21929 0.21998 0.22085
  0.22174 0.22233 0.22325 0.22399 0.2249  0.22566 0.22642 0.2274  0.2281
  0.22906 0.22987 0.23078 0.23157 0.23231 0.23327 0.23406 0.23496 0.23586
  0.23672 0.23765 0.23848 0.23943 0.24025 0.24124 0.24213 0.24308 0.244
  0.24493 0.2459  0.24689 0.24769 0.24873 0.24978 0.25079 0.2518  0.25284
  0.25376 0.2547  0.25579 0.25686 0.25789 0.2589  0.26004 0.26102 0.26216
  0.26309 0.26424 0.26526 0.26634 0.26742 0.26846 0.26965 0.27072 0.27168
  0.27286 0.27405 0.27515 0.27625 0.27753 0.2787  0.27969 0.28074 0.28204
  0.28319 0.28426 0.28552 0.28671 0.28792 0.28906 0.29017 0.29142 0.29273
  0.294   0.29521 0.29633 0.2977  0.29883 0.30007 0.30128 0.30254 0.3038
  0.3051  0.30643 0.30767 0.309   0.31014 0.31157 0.31277 0.31407 0.31552
  0.31692 0.31825 0.31948 0.321   0.32222 0.3236  0.32515 0.32655 0.32769
  0.32924 0.3306  0.3321  0.33349 0.3348  0.33637 0.33787 0.3392  0.34074
  0.34216 0.34363 0.34498 0.34656 0.34812 0.34951 0.35096 0.3526  0.35403
  0.35552 0.35705 0.35856 0.36005 0.36159 0.36318 0.3646  0.36623 0.36777
  0.36937 0.37103 0.37257 0.37406 0.3757  0.37737 0.37881 0.38051 0.38211
  0.38379 0.38555 0.38698 0.3887  0.39044 0.39211 0.39373 0.39544 0.39727
  0.39891 0.40074 0.40242 0.40421 0.40598 0.40786 0.40954 0.41131 0.41313
  0.41491 0.41672 0.4185  0.42046 0.42212 0.42406 0.42586 0.42746 0.42949
  0.43129 0.43328 0.43515 0.43699 0.43888 0.44085 0.4427  0.44473 0.44657
  0.44844 0.45047 0.45246 0.45433 0.4564  0.45826 0.46042 0.46237 0.46444
  0.46656 0.46858 0.47051 0.47263 0.47463 0.47663 0.47891 0.48102 0.48304
  0.48521 0.48722 0.48935 0.49154 0.49368 0.49572 0.49802 0.50018 0.50236
  0.50447 0.50664 0.50899 0.5113  0.51349 0.51565 0.51806 0.52026 0.5226
  0.52491 0.52723 0.52962 0.53182 0.53431 0.53662 0.53876 0.54144 0.54373
  0.54628 0.54866 0.55114 0.55359 0.55597 0.55844 0.5611  0.56364 0.5661
  0.56854 0.57121]
 [0.01126 0.01091 0.01063 0.01047 0.01049 0.01008 0.00985 0.00962 0.00941
  0.00925 0.00904 0.00894 0.0088  0.00874 0.00866 0.00863 0.00857 0.00856
  0.0085  0.00855 0.00848 0.00837 0.00835 0.00822 0.00822 0.00821 0.00814
  0.00819 0.0082  0.00813 0.00816 0.00807 0.00817 0.00816 0.00813 0.00813
  0.00822 0.00807 0.00812 0.00804 0.00809 0.00812 0.00808 0.00804 0.00807
  0.00808 0.00808 0.00799 0.00802 0.00803 0.00803 0.00803 0.00803 0.008
  0.00798 0.00799 0.00802 0.00796 0.008   0.00802 0.00806 0.00813 0.00811
  0.00812 0.00813 0.00819 0.00829 0.00824 0.00824 0.00834 0.00841 0.0084
  0.00849 0.00851 0.00857 0.00862 0.00876 0.00879 0.00883 0.00897 0.00902
  0.00918 0.00919 0.00932 0.00954 0.0096  0.00972 0.00976 0.00995 0.00998
  0.01014 0.01027 0.01034 0.01052 0.01059 0.01073 0.01082 0.01087 0.01097
  0.01113 0.01127 0.01132 0.01143 0.01152 0.01163 0.01175 0.01186 0.01189
  0.012   0.01205 0.01214 0.0122  0.01233 0.01248 0.0125  0.01251 0.01258
  0.0127  0.01276 0.01285 0.01293 0.013   0.01297 0.01308 0.01322 0.01321
  0.01325 0.01316 0.01322 0.01325 0.01314 0.01322 0.01327 0.01331 0.0134
  0.01343 0.01346 0.01349 0.01352 0.01364 0.0137  0.01377 0.0137  0.01382
  0.0138  0.01391 0.01407 0.01406 0.01416 0.0142  0.01433 0.0144  0.01456
  0.01474 0.01481 0.01484 0.01494 0.01504 0.01525 0.01537 0.01549 0.01561
  0.01576 0.01591 0.01602 0.01619 0.01639 0.0165  0.01657 0.01671 0.01687
  0.01705 0.01719 0.01726 0.01744 0.01766 0.01771 0.01792 0.01811 0.01824
  0.01844 0.01855 0.0187  0.01885 0.01902 0.0192  0.01932 0.01951 0.01966
  0.01983 0.02    0.02017 0.0203  0.02036 0.02059 0.02066 0.02079 0.02093
  0.02106 0.02115 0.02138 0.02152 0.02176 0.0218  0.02192 0.0221  0.02214
  0.02231 0.02244 0.02258 0.02275 0.02279 0.02301 0.02303 0.02311 0.02323
  0.02334 0.02344 0.02362 0.02366 0.02379 0.02379 0.024   0.02406 0.02412
  0.02419 0.02432 0.02444 0.0245  0.02461 0.02464 0.0248  0.0248  0.02499
  0.02499 0.02521 0.02525 0.02541 0.02555 0.0255  0.02575 0.02582 0.02596
  0.02595 0.02611 0.02628 0.02643 0.02653 0.02672 0.02688 0.02697 0.02714
  0.02722 0.02717 0.02731 0.02747 0.02795 0.02836 0.02863 0.0288  0.02906
  0.02919 0.02955 0.02991 0.03024 0.03061 0.03085 0.03115 0.03134 0.0316
  0.03189 0.03221 0.03243 0.03259 0.03292 0.03302 0.03325 0.03341 0.03368
  0.03372 0.03391 0.03416 0.0342  0.03438 0.03444 0.03466 0.03485 0.03512
  0.0354  0.03551 0.03573 0.036   0.03623 0.03637 0.03657 0.03684 0.03728
  0.03755 0.03799 0.03829 0.03861 0.03897 0.03937 0.04003 0.04048 0.04071
  0.04092 0.0411  0.04153 0.04179 0.04212 0.04238 0.04266 0.04299 0.04341
  0.04416 0.04449 0.04491 0.0455  0.04555 0.04533 0.04528 0.04508 0.04471
  0.04471 0.04513 0.04581 0.04615 0.04609 0.04615 0.04599 0.04555 0.04517
  0.04455 0.04398 0.0438  0.04352 0.04358 0.04347 0.04333 0.04311 0.04261
  0.04191 0.04143 0.0412  0.04084 0.04051 0.04022 0.03994 0.03948 0.03909
  0.03884 0.0389  0.03886 0.03882 0.03863 0.03839 0.03775 0.03721 0.03668
  0.03614 0.03587 0.03544 0.03514 0.03495 0.03485 0.03469 0.03469 0.03471
  0.03487 0.03467 0.03451 0.03421 0.03411 0.03387 0.03372 0.0335  0.03341
  0.03316 0.0331  0.03292 0.03266 0.03243 0.03218 0.03208 0.0321  0.03215
  0.03219 0.03217 0.03224 0.03238 0.03234 0.03242 0.03262 0.03254 0.03249
  0.03256 0.03255 0.03273 0.03268 0.03269 0.0327  0.03279 0.0328  0.03288
  0.03286 0.03281 0.03283 0.03271 0.03255 0.03257 0.03254 0.03236 0.03246
  0.03279 0.03272 0.03276 0.03259 0.03253 0.03249 0.03254 0.03253 0.03255
  0.03249 0.03259 0.03267 0.03261 0.03264 0.03269 0.03265 0.03268 0.03275
  0.03271 0.03267 0.03263 0.03278 0.03287 0.03286 0.03294 0.03304 0.033
  0.03307 0.03321 0.03316 0.03317 0.03328 0.03331 0.03338 0.03341 0.0335
  0.03337 0.03357 0.03364 0.03365 0.03362 0.03364 0.03362 0.03369 0.03386
  0.03379 0.03382 0.03382 0.0339  0.03385 0.03387 0.03391 0.03389 0.0338
  0.03379 0.03387 0.03384 0.03376 0.03366 0.03366 0.03345 0.03334 0.03316
  0.03311 0.033   0.03285 0.03271 0.03265 0.03251 0.03241 0.03225 0.03217
  0.03206 0.03196 0.03184 0.03155 0.03142 0.03128 0.03116 0.03104 0.031
  0.03075 0.03074 0.03055 0.03039 0.03007 0.03006 0.0299  0.02981 0.02966
  0.02955 0.02946 0.02927 0.02924 0.029   0.02886 0.02883 0.02874 0.02858
  0.02833 0.02826 0.02808 0.02797 0.02791 0.02785 0.02769 0.02758 0.02753
  0.0274  0.02736 0.02722 0.02719 0.02713 0.02695 0.02692 0.02685 0.02684
  0.02692 0.02681 0.02668 0.02662 0.02668 0.02662 0.02655 0.02654 0.02659
  0.02661 0.02667 0.02664 0.02663 0.02653 0.02659 0.02663 0.02655 0.02659
  0.02663 0.02671 0.02673 0.02668 0.02691 0.02687 0.02701 0.02695 0.02713
  0.02718 0.02725 0.02731 0.0273  0.02737 0.02741 0.02738 0.02746 0.02743
  0.02757 0.02758 0.02762 0.02775 0.02779 0.02776 0.02776 0.02776 0.02783
  0.02784 0.0278  0.02779 0.02781 0.02771 0.0278  0.02772 0.02769 0.02771
  0.02771 0.02767 0.02767 0.02767 0.02761 0.02766 0.02772 0.02762 0.02765
  0.02768 0.02778 0.02776 0.02774 0.02788 0.0278  0.02778 0.02773 0.0277
  0.02779 0.02769 0.02772 0.02776 0.02774 0.0277  0.02775 0.02771 0.02772
  0.02767 0.02771 0.02766 0.02772 0.02787 0.02786 0.02789 0.02794 0.02794
  0.02813 0.02806 0.02818 0.02813 0.02821 0.02825 0.02824 0.02841 0.02849
  0.02851 0.02851 0.02855 0.02853 0.02864 0.02876 0.02869 0.02879 0.02888
  0.02892 0.02887 0.02895 0.02882 0.02899 0.02898 0.02904 0.02919 0.02919
  0.0292  0.02925 0.02938 0.02945 0.0294  0.02956 0.02943 0.02947 0.02956
  0.02959 0.02964 0.02964 0.02974 0.02957 0.02977 0.0296  0.02966 0.02953
  0.02952 0.02951 0.02975 0.02968 0.02967 0.02968 0.02963 0.02961 0.0297
  0.02983 0.02988 0.02994 0.02985 0.02987 0.02988 0.02988 0.02988 0.02996
  0.02999 0.03013 0.03007 0.03006 0.03007 0.03016 0.03022 0.03022 0.03018
  0.03027 0.03037 0.03035 0.03044 0.03036 0.03046 0.03049 0.03053 0.03055
  0.03065 0.03051 0.03063 0.03066 0.03071 0.03075 0.03096 0.03103 0.03106
  0.03108 0.03118 0.03121 0.03135 0.03135 0.03152 0.03149 0.0315  0.03168
  0.03157 0.03169 0.03178 0.0319  0.03203 0.03203 0.03223 0.03221 0.03224
  0.03231 0.03237 0.03242 0.03233 0.03232 0.03229 0.03239 0.03234 0.03217
  0.03225 0.03216 0.0322  0.03211 0.03211 0.03205 0.03206 0.03214 0.03203
  0.03192 0.03202 0.03199 0.03203 0.03192 0.0318  0.03204 0.03194 0.03205
  0.03197 0.032   0.03202 0.0319  0.03189 0.03174 0.03175 0.03171 0.03166
  0.03144 0.03133 0.03118 0.03118 0.03109 0.03089 0.03083 0.03086 0.03077
  0.03058 0.03054 0.03039 0.03036 0.03028 0.03025 0.03005 0.0301  0.03012
  0.03009 0.03015 0.03016 0.03012 0.03009 0.03017 0.03012 0.03003 0.03007
  0.03011 0.03013 0.03028 0.0304  0.03042 0.03047 0.03052 0.03048 0.03038
  0.03046 0.03044 0.03038 0.03036 0.03038 0.03058 0.03061 0.0306  0.03069
  0.03062 0.03059 0.0306  0.03061 0.03058 0.03038 0.03039 0.03035 0.03034
  0.03031 0.0302  0.03018 0.03013 0.02998 0.03008 0.02999 0.03002 0.02991
  0.02986 0.02992 0.02978 0.02982 0.02987 0.0298  0.0298  0.02983 0.02986
  0.02977 0.02977 0.02975 0.02975 0.02971 0.02967 0.02967 0.0296  0.02958
  0.02958 0.02944 0.02946 0.02939 0.02927 0.02927 0.0293  0.02914 0.0292
  0.0291  0.0292  0.0291  0.0292  0.02914 0.02893 0.02891 0.02895 0.02876
  0.02885 0.02877 0.02866 0.02854 0.02843 0.02834 0.02821 0.02812 0.02805
  0.02809 0.02798 0.02794 0.02777 0.02772 0.0276  0.0277  0.02738 0.02717
  0.02692 0.0267  0.02645 0.02643 0.02627 0.02629 0.02624 0.02612 0.02612
  0.02618 0.02606 0.02603 0.02584 0.0259  0.02566 0.0257  0.0256  0.0256
  0.0256  0.02548 0.02529 0.0251  0.02501 0.02477 0.0247  0.02463 0.02452
  0.02432 0.02426 0.02419 0.02413 0.02409 0.02397 0.02402 0.02395 0.02391
  0.02404 0.02416 0.02414 0.02415 0.02406 0.02406 0.02407 0.02405 0.02397
  0.02401 0.02407 0.02409 0.0241  0.02411 0.02417 0.02418 0.02402 0.02419
  0.02418 0.02421 0.02426 0.02425 0.02432 0.02431 0.02439 0.02435 0.02431
  0.0245  0.02448 0.02466 0.02466 0.02473 0.02486 0.02499 0.02505 0.02525
  0.02518 0.02544 0.0257  0.02587 0.02603 0.02621 0.02641 0.02669 0.02687
  0.02701 0.02737 0.0276  0.02776 0.02792 0.02825 0.02849 0.02865 0.02889
  0.02919 0.02938 0.02964 0.02991 0.03013 0.0305  0.03067 0.031   0.03138
  0.03174 0.03203 0.03243 0.03271 0.03312 0.03341 0.03387 0.03424 0.03463
  0.03499 0.0354  0.03586 0.03612 0.0366  0.03706 0.03735 0.0379  0.03838
  0.03875 0.0392 ]
 [0.01048 0.01004 0.00969 0.00948 0.00934 0.00906 0.00888 0.00866 0.00855
  0.00833 0.00825 0.00807 0.00803 0.00792 0.00777 0.00768 0.00766 0.0075
  0.00752 0.00745 0.00746 0.00742 0.00743 0.00743 0.00732 0.0074  0.00734
  0.00739 0.00744 0.00741 0.00746 0.00748 0.00747 0.00752 0.00746 0.0075
  0.00752 0.00751 0.00757 0.0076  0.00751 0.00758 0.00764 0.00762 0.00762
  0.00769 0.00766 0.00771 0.00766 0.00769 0.00774 0.00784 0.00786 0.00786
  0.00784 0.00781 0.00784 0.00793 0.00786 0.00797 0.00788 0.00794 0.00802
  0.00796 0.00802 0.00805 0.0081  0.00813 0.00806 0.00816 0.00818 0.00822
  0.00811 0.00818 0.00824 0.00827 0.00833 0.00825 0.00831 0.00834 0.00842
  0.00842 0.00845 0.00856 0.00862 0.00864 0.00865 0.00872 0.00883 0.00888
  0.00889 0.00895 0.00906 0.00912 0.00916 0.00919 0.00929 0.00941 0.00943
  0.0095  0.00959 0.00971 0.00978 0.00989 0.00996 0.01003 0.01004 0.01016
  0.01028 0.01041 0.0104  0.01051 0.0106  0.01063 0.0108  0.01084 0.01087
  0.01093 0.01102 0.01115 0.01127 0.01128 0.01134 0.01143 0.01149 0.01157
  0.01152 0.01164 0.0117  0.0118  0.01183 0.01188 0.01197 0.01207 0.01217
  0.01224 0.01225 0.01231 0.01242 0.01242 0.01254 0.01267 0.01265 0.01275
  0.01277 0.01293 0.01311 0.01319 0.01325 0.01335 0.01357 0.01369 0.01369
  0.01395 0.01399 0.01421 0.01434 0.01456 0.01467 0.01476 0.01497 0.01517
  0.01528 0.01549 0.0156  0.01585 0.01594 0.01611 0.01634 0.01652 0.01674
  0.01695 0.01719 0.01738 0.01758 0.01785 0.0181  0.01834 0.01855 0.01889
  0.01913 0.01949 0.01975 0.01999 0.02031 0.02057 0.02077 0.02102 0.02129
  0.02156 0.02195 0.0222  0.02247 0.02287 0.02309 0.02342 0.02377 0.02415
  0.02438 0.02472 0.02509 0.0254  0.02577 0.02611 0.02646 0.02689 0.02714
  0.02757 0.02788 0.02822 0.02844 0.02884 0.02922 0.02966 0.02994 0.03022
  0.03058 0.03096 0.03137 0.03174 0.03196 0.03236 0.03272 0.03299 0.03335
  0.03368 0.03404 0.0343  0.03466 0.03494 0.03525 0.0356  0.03589 0.03613
  0.03643 0.03663 0.03698 0.03724 0.03758 0.0378  0.03821 0.03851 0.03868
  0.03894 0.03919 0.03934 0.03958 0.03978 0.04001 0.04026 0.04057 0.0408
  0.04113 0.04128 0.0414  0.04175 0.04202 0.04222 0.04245 0.04263 0.04277
  0.04299 0.04331 0.04361 0.04377 0.04415 0.04454 0.0449  0.04522 0.04543
  0.04561 0.04569 0.04586 0.04593 0.04595 0.04597 0.04614 0.04629 0.04646
  0.0465  0.04657 0.04669 0.04692 0.04709 0.04702 0.04694 0.04701 0.04685
  0.04687 0.0469  0.04688 0.04684 0.04682 0.04682 0.04693 0.04708 0.0471
  0.04717 0.0473  0.04749 0.04746 0.04754 0.04761 0.04788 0.04811 0.04841
  0.0488  0.04912 0.04953 0.04982 0.04994 0.04989 0.05016 0.05025 0.05033
  0.05032 0.05023 0.05034 0.05052 0.05074 0.05128 0.05174 0.05209 0.05231
  0.05255 0.05271 0.05277 0.05263 0.05286 0.05313 0.0534  0.05398 0.05437
  0.05489 0.05555 0.0559  0.05646 0.05695 0.05741 0.05776 0.05814 0.0586
  0.05893 0.05922 0.05945 0.0595  0.05936 0.05916 0.05891 0.05893 0.05905
  0.05917 0.05933 0.05943 0.05953 0.05977 0.05986 0.06    0.06012 0.06014
  0.06016 0.0603  0.06039 0.06059 0.06062 0.06046 0.06065 0.06053 0.06039
  0.06037 0.06018 0.06021 0.05994 0.05973 0.0598  0.05996 0.06024 0.06049
  0.06076 0.06123 0.06165 0.06201 0.06234 0.06282 0.06299 0.06318 0.06321
  0.0632  0.06317 0.06326 0.06295 0.06258 0.06198 0.06176 0.06142 0.06114
  0.06061 0.06027 0.05998 0.05953 0.05939 0.05926 0.05905 0.05891 0.05856
  0.05799 0.05768 0.05735 0.05707 0.05671 0.0563  0.05588 0.05556 0.05532
  0.05514 0.05496 0.05456 0.05425 0.05389 0.05318 0.05255 0.05187 0.05092
  0.05012 0.04936 0.04838 0.04757 0.04732 0.04694 0.04667 0.04632 0.04627
  0.04599 0.04606 0.04606 0.04601 0.04592 0.04591 0.04584 0.04568 0.04539
  0.04528 0.04502 0.04479 0.04448 0.04419 0.04396 0.04362 0.04329 0.0431
  0.04287 0.04254 0.04239 0.04207 0.04186 0.04165 0.04139 0.04104 0.04084
  0.04055 0.04027 0.03996 0.03967 0.03943 0.03917 0.03891 0.03873 0.03845
  0.03822 0.03805 0.03776 0.03759 0.0374  0.03711 0.03689 0.03671 0.03651
  0.03646 0.03631 0.03613 0.03591 0.03574 0.03555 0.03533 0.03517 0.03498
  0.03493 0.03483 0.03466 0.03455 0.03443 0.03427 0.0342  0.034   0.0339
  0.03377 0.03356 0.0334  0.03338 0.0333  0.03311 0.03305 0.03293 0.03284
  0.03278 0.03256 0.03247 0.03227 0.03221 0.03212 0.03197 0.03202 0.03183
  0.03182 0.03163 0.0316  0.0315  0.03153 0.03146 0.03125 0.03128 0.0313
  0.03131 0.03122 0.03135 0.03135 0.03123 0.03128 0.03121 0.03123 0.03119
  0.03118 0.03115 0.0311  0.03107 0.03109 0.03109 0.0312  0.03106 0.031
  0.031   0.03101 0.03102 0.03104 0.03088 0.03085 0.03095 0.03087 0.03097
  0.03098 0.0309  0.0308  0.03086 0.03073 0.03075 0.03063 0.03056 0.03056
  0.0305  0.03054 0.03044 0.03045 0.03039 0.03025 0.03024 0.03016 0.03005
  0.03004 0.02991 0.02979 0.02983 0.02982 0.02973 0.02974 0.02957 0.02963
  0.0296  0.02956 0.02955 0.02943 0.02947 0.02939 0.02932 0.02935 0.02929
  0.0291  0.02915 0.02917 0.02911 0.02903 0.02902 0.02898 0.02891 0.02885
  0.02883 0.02878 0.02873 0.02863 0.02864 0.02861 0.0285  0.02852 0.02843
  0.02838 0.02833 0.02834 0.0282  0.02818 0.02813 0.02804 0.02807 0.02799
  0.028   0.02786 0.02785 0.02786 0.02787 0.02778 0.02766 0.02764 0.0277
  0.02775 0.02769 0.02772 0.0277  0.02781 0.02775 0.02781 0.02779 0.02784
  0.02777 0.02786 0.02792 0.02796 0.02797 0.02795 0.02798 0.02812 0.02813
  0.02821 0.02817 0.02826 0.02832 0.02838 0.02848 0.0286  0.02853 0.02865
  0.02868 0.02869 0.02882 0.02889 0.02892 0.02893 0.0291  0.02903 0.02913
  0.02916 0.02926 0.02931 0.02943 0.02941 0.02956 0.02952 0.02964 0.02967
  0.02969 0.02979 0.02984 0.02978 0.02987 0.02989 0.02996 0.03003 0.03011
  0.0301  0.03026 0.03027 0.03028 0.03029 0.0304  0.03046 0.03053 0.03057
  0.03076 0.0307  0.03074 0.03086 0.0308  0.03094 0.03098 0.03107 0.03115
  0.03121 0.03132 0.03133 0.03141 0.03144 0.0315  0.03162 0.03173 0.03184
  0.03187 0.0319  0.03199 0.03215 0.03218 0.0322  0.03234 0.03239 0.03243
  0.03249 0.03252 0.0325  0.03259 0.03266 0.03281 0.03277 0.03292 0.0329
  0.03302 0.03312 0.03316 0.0332  0.03337 0.03338 0.03346 0.03348 0.03356
  0.03364 0.03364 0.03379 0.03387 0.03372 0.03391 0.03402 0.03402 0.03412
  0.03412 0.03423 0.03437 0.03433 0.03448 0.03436 0.03445 0.0345  0.03454
  0.03458 0.03458 0.03477 0.03478 0.03474 0.03483 0.03484 0.03504 0.03492
  0.03501 0.03507 0.03511 0.03513 0.03516 0.0352  0.0352  0.03515 0.03524
  0.03525 0.03531 0.03529 0.03537 0.03534 0.03542 0.03542 0.03535 0.03544
  0.0354  0.03549 0.03547 0.03534 0.03539 0.03545 0.03538 0.0354  0.0355
  0.03554 0.03554 0.03553 0.0355  0.03551 0.03558 0.03566 0.03564 0.03565
  0.0356  0.03554 0.0357  0.03569 0.03572 0.03574 0.03578 0.03575 0.03582
  0.03579 0.03597 0.03605 0.03608 0.03615 0.03632 0.03629 0.03641 0.03646
  0.03657 0.03667 0.03666 0.03668 0.03671 0.03672 0.03674 0.03701 0.03693
  0.03713 0.03732 0.03733 0.03746 0.03751 0.03763 0.03779 0.03788 0.03788
  0.03801 0.0382  0.03823 0.03841 0.03837 0.03856 0.0386  0.03874 0.03888
  0.03917 0.03906 0.03919 0.03937 0.03955 0.03966 0.03982 0.03992 0.04
  0.04014 0.04027 0.0404  0.04047 0.04068 0.04077 0.04085 0.04099 0.0412
  0.04126 0.0414  0.04137 0.04174 0.04182 0.04193 0.04196 0.0422  0.04249
  0.04251 0.04257 0.04282 0.04296 0.04309 0.04322 0.0434  0.04349 0.04365
  0.04378 0.04399 0.04412 0.04429 0.04447 0.04463 0.04479 0.04494 0.04516
  0.0454  0.04546 0.04571 0.04597 0.04598 0.04617 0.04644 0.04654 0.04681
  0.04698 0.04704 0.04728 0.04743 0.04762 0.04777 0.04802 0.04805 0.04829
  0.04862 0.04877 0.04888 0.04922 0.04944 0.04955 0.04989 0.05002 0.05024
  0.05041 0.05075 0.05087 0.05119 0.05137 0.05145 0.05175 0.05199 0.05208
  0.05247 0.05267 0.05286 0.05301 0.05335 0.05347 0.05358 0.05391 0.05405
  0.05427 0.05448 0.05468 0.05483 0.05511 0.0553  0.05541 0.05572 0.05599
  0.05613 0.05627 0.05654 0.05677 0.05712 0.05738 0.05767 0.05783 0.05801
  0.05819 0.05843 0.0587  0.0588  0.0589  0.05914 0.0595  0.05955 0.05977
  0.06008 0.06038 0.06054 0.06074 0.06102 0.06135 0.06151 0.0617  0.06194
  0.06213 0.06251 0.06272 0.0629  0.06317 0.06341 0.06374 0.06384 0.0641
  0.06441 0.06471 0.06487 0.06523 0.0655  0.06579 0.06612 0.06643 0.06672
  0.06696 0.06732 0.06755 0.06796 0.06829 0.0685  0.06886 0.06903 0.06935
  0.06969 0.07009 0.07035 0.07068 0.07109 0.07132 0.07171 0.0721  0.07248
  0.07271 0.07316]
 [0.01454 0.01408 0.01369 0.01338 0.0131  0.0128  0.01248 0.01227 0.01206
  0.01185 0.01162 0.01133 0.01117 0.0109  0.01083 0.01066 0.01048 0.01031
  0.01025 0.01016 0.01011 0.00999 0.01004 0.00995 0.00992 0.00996 0.00995
  0.00988 0.00989 0.0098  0.00983 0.00985 0.00986 0.00978 0.00977 0.00975
  0.00975 0.00977 0.00977 0.0097  0.00959 0.00963 0.00956 0.00955 0.00958
  0.00951 0.00953 0.00943 0.00947 0.00957 0.00952 0.00952 0.00958 0.00958
  0.00971 0.00974 0.00974 0.00979 0.00984 0.00996 0.01001 0.01011 0.01012
  0.01025 0.01031 0.0104  0.01054 0.01067 0.01079 0.01098 0.01117 0.01137
  0.01151 0.01175 0.01199 0.0122  0.01241 0.01266 0.01292 0.01319 0.01349
  0.01371 0.01394 0.01424 0.01453 0.01475 0.01501 0.0153  0.01555 0.01587
  0.01618 0.01652 0.01689 0.01719 0.01761 0.01795 0.0183  0.01867 0.01905
  0.01949 0.01985 0.02033 0.02067 0.02108 0.0215  0.02198 0.0224  0.02286
  0.02337 0.02376 0.0242  0.02477 0.02527 0.02586 0.02647 0.02698 0.02754
  0.02811 0.02866 0.02932 0.02988 0.03049 0.03112 0.03177 0.03245 0.03315
  0.03382 0.0346  0.03518 0.03593 0.03668 0.03747 0.0383  0.03917 0.03994
  0.04085 0.0416  0.04245 0.04323 0.04413 0.04501 0.04581 0.04665 0.04747
  0.04839 0.04926 0.05011 0.05107 0.05195 0.0528  0.05366 0.05454 0.05536
  0.05626 0.05715 0.05801 0.05883 0.05979 0.06068 0.06148 0.06242 0.06324
  0.06409 0.06495 0.06586 0.06668 0.06752 0.06835 0.06919 0.06982 0.0705
  0.07119 0.07192 0.07255 0.07326 0.07394 0.0746  0.07523 0.0758  0.07635
  0.07698 0.07748 0.07804 0.0786  0.07916 0.07966 0.08004 0.08046 0.08093
  0.08132 0.08173 0.08215 0.08254 0.08293 0.08324 0.08352 0.08396 0.08435
  0.0847  0.08507 0.08544 0.08589 0.08616 0.08642 0.08673 0.08728 0.08785
  0.08821 0.08883 0.08958 0.09024 0.09071 0.0911  0.09153 0.09202 0.09274
  0.09375 0.09471 0.09555 0.09645 0.09729 0.09797 0.09861 0.09939 0.1004
  0.10162 0.10315 0.10445 0.10543 0.10649 0.10765 0.109   0.11037 0.11193
  0.1136  0.11536 0.11695 0.1184  0.11972 0.12077 0.12198 0.12317 0.12449
  0.12588 0.12705 0.12801 0.12904 0.13001 0.131   0.1319  0.13285 0.13361
  0.13442 0.13479 0.13526 0.1356  0.13586 0.1363  0.13669 0.13707 0.13749
  0.13774 0.13803 0.13827 0.13861 0.13868 0.1388  0.13882 0.13885 0.13885
  0.13839 0.13809 0.13759 0.13692 0.1365  0.13568 0.135   0.13415 0.13328
  0.13237 0.13157 0.13071 0.12971 0.1288  0.12785 0.12681 0.12573 0.12469
  0.12379 0.12275 0.12173 0.12072 0.11985 0.11884 0.11797 0.11706 0.11614
  0.11527 0.11447 0.11364 0.11285 0.11202 0.1112  0.11052 0.10989 0.10928
  0.10869 0.10794 0.10735 0.10684 0.10622 0.10565 0.10516 0.10451 0.1041
  0.10366 0.10317 0.10279 0.10244 0.10193 0.10156 0.10122 0.10086 0.10053
  0.10019 0.09979 0.09955 0.09935 0.09913 0.09893 0.09881 0.09859 0.09839
  0.09824 0.09792 0.09758 0.0974  0.09715 0.09704 0.09687 0.09663 0.09639
  0.09626 0.096   0.0958  0.09567 0.09559 0.0954  0.09533 0.0953  0.09527
  0.09523 0.0952  0.09498 0.09493 0.09472 0.09462 0.0945  0.09432 0.09417
  0.09406 0.09388 0.09382 0.09365 0.09356 0.09339 0.09318 0.093   0.09288
  0.09266 0.09255 0.09242 0.09229 0.09206 0.092   0.09183 0.09171 0.09144
  0.09139 0.09128 0.0912  0.09108 0.09103 0.0909  0.09082 0.09062 0.09044
  0.09033 0.09018 0.09005 0.08988 0.08963 0.0896  0.08945 0.08915 0.08907
  0.08891 0.08882 0.08859 0.08835 0.08808 0.08777 0.08757 0.08726 0.08709
  0.08676 0.08656 0.08624 0.08603 0.08573 0.08547 0.08505 0.08468 0.08426
  0.08387 0.08348 0.08304 0.08271 0.08234 0.08192 0.0816  0.0811  0.08061
  0.08025 0.0798  0.0793  0.07887 0.07857 0.07801 0.07756 0.07717 0.07677
  0.07645 0.07598 0.07557 0.07522 0.07484 0.07446 0.0741  0.07367 0.07337
  0.073   0.07266 0.07235 0.07198 0.07165 0.07125 0.07097 0.07061 0.07028
  0.0699  0.06945 0.06922 0.06889 0.06848 0.06814 0.0678  0.06745 0.06721
  0.06688 0.06656 0.06628 0.06591 0.06565 0.06539 0.06509 0.06488 0.06459
  0.06429 0.06389 0.06368 0.06334 0.06297 0.06283 0.06256 0.06229 0.06202
  0.0618  0.06163 0.06138 0.06112 0.06104 0.06092 0.06076 0.06058 0.06043
  0.06039 0.06024 0.06009 0.06007 0.06001 0.05997 0.06005 0.06    0.06
  0.06009 0.0601  0.0601  0.06001 0.06025 0.06035 0.0603  0.0604  0.06046
  0.06059 0.0606  0.06067 0.06072 0.06078 0.06081 0.06089 0.06093 0.06094
  0.06104 0.06094 0.06105 0.06099 0.06097 0.06091 0.06089 0.0609  0.06085
  0.06077 0.06067 0.06058 0.06049 0.06054 0.06039 0.06032 0.06028 0.06024
  0.0602  0.0603  0.06017 0.06019 0.06005 0.06018 0.06014 0.06011 0.06017
  0.06007 0.06001 0.05998 0.06007 0.05999 0.05999 0.05994 0.05985 0.05982
  0.05973 0.05975 0.05965 0.05964 0.05967 0.05956 0.05967 0.0596  0.05964
  0.05948 0.05949 0.05948 0.05954 0.05955 0.05951 0.05951 0.05965 0.05965
  0.05963 0.05973 0.05981 0.05986 0.05995 0.06003 0.06014 0.06018 0.06023
  0.06037 0.06054 0.0607  0.06081 0.06099 0.06103 0.06107 0.06112 0.0612
  0.06133 0.06146 0.06153 0.06163 0.06175 0.06197 0.0621  0.06214 0.06225
  0.06232 0.06248 0.0626  0.06268 0.06275 0.06289 0.063   0.06305 0.0631
  0.06329 0.06329 0.0634  0.06346 0.06338 0.06342 0.06347 0.06356 0.06354
  0.06362 0.0636  0.06358 0.06355 0.0636  0.06363 0.06373 0.06387 0.06398
  0.06402 0.06415 0.0641  0.06423 0.06433 0.06449 0.06455 0.06469 0.06468
  0.06474 0.06483 0.06484 0.06505 0.06513 0.06532 0.06554 0.06566 0.06572
  0.06582 0.06587 0.06603 0.06617 0.06625 0.06639 0.06667 0.06676 0.06693
  0.06712 0.06724 0.06749 0.06756 0.06773 0.06797 0.06812 0.06849 0.06856
  0.06891 0.0691  0.06922 0.06957 0.06969 0.07019 0.0704  0.07078 0.071
  0.0713  0.07156 0.07175 0.07202 0.07223 0.07252 0.0727  0.07288 0.0731
  0.0733  0.07351 0.0738  0.07407 0.07419 0.07453 0.07457 0.07493 0.07511
  0.07528 0.07551 0.07578 0.07604 0.07619 0.07647 0.07674 0.07694 0.0772
  0.07747 0.07764 0.07796 0.07819 0.07839 0.07858 0.07886 0.07901 0.07905
  0.07938 0.07958 0.07984 0.0801  0.08026 0.08051 0.0805  0.0806  0.08073
  0.08079 0.08092 0.08111 0.08129 0.08145 0.08167 0.08173 0.08194 0.08198
  0.08214 0.08225 0.08233 0.08255 0.08261 0.08264 0.08284 0.08288 0.08299
  0.08314 0.08319 0.08335 0.08347 0.08353 0.08364 0.08371 0.08381 0.08375
  0.08392 0.08394 0.08397 0.08397 0.084   0.08411 0.084   0.08401 0.08416
  0.08419 0.08406 0.08411 0.08423 0.08426 0.08422 0.08421 0.08409 0.08413
  0.08411 0.0841  0.08391 0.08392 0.08381 0.08368 0.08365 0.08347 0.08342
  0.08339 0.08331 0.08322 0.08317 0.08309 0.08298 0.08275 0.08263 0.08249
  0.08229 0.08214 0.08192 0.08174 0.08159 0.08152 0.08148 0.08138 0.0813
  0.08118 0.08116 0.08096 0.08086 0.08073 0.08037 0.08023 0.07994 0.07983
  0.07946 0.07921 0.07886 0.07866 0.07851 0.07821 0.07799 0.07774 0.0775
  0.0772  0.07698 0.07664 0.07639 0.07613 0.07577 0.07553 0.07526 0.07493
  0.07454 0.07422 0.07386 0.07368 0.07353 0.0732  0.07292 0.07276 0.07244
  0.07217 0.07192 0.07158 0.07133 0.07093 0.07054 0.0702  0.06979 0.06936
  0.06903 0.06861 0.06821 0.068   0.06785 0.06772 0.06761 0.06745 0.06734
  0.06717 0.06699 0.06671 0.06661 0.06633 0.06603 0.0658  0.06555 0.06531
  0.06497 0.06483 0.06444 0.06411 0.06389 0.06367 0.0635  0.06341 0.06314
  0.06304 0.06281 0.06267 0.06254 0.06242 0.06218 0.06213 0.06188 0.0618
  0.06155 0.0614  0.06122 0.06123 0.06091 0.06084 0.06058 0.06044 0.06023
  0.05995 0.05975 0.05964 0.05943 0.05934 0.05932 0.05919 0.05924 0.05916
  0.05908 0.05903 0.05904 0.05901 0.05898 0.05895 0.05897 0.05894 0.05897
  0.05887 0.05881 0.05887 0.0589  0.05899 0.05904 0.05921 0.0593  0.05953
  0.05942 0.05955 0.05969 0.05974 0.0598  0.06    0.06015 0.06016 0.06045
  0.06067 0.06087 0.06116 0.06145 0.0617  0.06192 0.06214 0.06245 0.06275
  0.06302 0.0632  0.06353 0.06384 0.06422 0.06442 0.06485 0.06506 0.06535
  0.06575 0.06601 0.06624 0.06644 0.0668  0.06707 0.06733 0.06751 0.06777
  0.06809 0.06828 0.06846 0.06881 0.06916 0.06954 0.06991 0.0702  0.07046
  0.07079 0.07114 0.0716  0.07192 0.0723  0.07256 0.07297 0.07315 0.0735
  0.07371 0.07407 0.07441 0.0746  0.07491 0.07526 0.07571 0.07615 0.07639
  0.07679 0.07714 0.07751 0.07794 0.07829 0.07867 0.07892 0.07922 0.07953
  0.07988 0.08017 0.08046 0.08072 0.0809  0.08112 0.0813  0.08181 0.08245
  0.08307 0.08375 0.08425 0.08475 0.08523 0.08575 0.08623 0.08658 0.08689
  0.0871  0.08742 0.08776 0.08836 0.08874 0.0893  0.08994 0.0905  0.09106
  0.09173 0.0923 ]]
Mean: 0.07154, Std Dev: 0.08449
