[[0.18734 0.18736 0.18795 0.18679 0.1872  0.18798 0.18705 0.18688 0.18645
  0.18654 0.18857 0.18726 0.18663 0.18857 0.18854 0.18763 0.18835 0.18922
  0.18834 0.18963 0.18968 0.19081 0.19122 0.19092 0.19284 0.19234 0.19321
  0.19409 0.19467 0.19506 0.19576 0.19671 0.19656 0.1979  0.1995  0.1992
  0.19987 0.20144 0.20068 0.20233 0.20248 0.20293 0.20482 0.20579 0.20552
  0.20668 0.20687 0.20886 0.20822 0.20843 0.2094  0.20999 0.21011 0.21272
  0.21313 0.21321 0.21352 0.21482 0.21639 0.21575 0.21722 0.21778 0.21887
  0.21879 0.22003 0.22103 0.22283 0.22326 0.22154 0.22269 0.22396 0.22321
  0.22449 0.22468 0.22514 0.22531 0.22558 0.22653 0.22732 0.22745 0.22743
  0.22721 0.22954 0.22914 0.22926 0.22916 0.22944 0.22996 0.23017 0.23051
  0.23066 0.23106 0.23177 0.23316 0.23168 0.2323  0.23254 0.23281 0.23299
  0.23271 0.2322  0.23328 0.23282 0.23354 0.23374 0.23337 0.23229 0.23245
  0.23318 0.23145 0.23284 0.23285 0.23352 0.23214 0.232   0.23233 0.23142
  0.23123 0.23204 0.23069 0.23194 0.23072 0.2306  0.23    0.23009 0.23026
  0.22898 0.22862 0.22977 0.22783 0.22967 0.22904 0.22571 0.22771 0.22535
  0.2249  0.22539 0.22571 0.22487 0.22343 0.22389 0.22336 0.22293 0.22118
  0.2221  0.22057 0.22109 0.21893 0.21863 0.21881 0.21866 0.21722 0.21614
  0.21586 0.21571 0.21616 0.21481 0.21338 0.21409 0.21251 0.21131 0.21246
  0.21152 0.21023 0.20925 0.20773 0.20701 0.20607 0.20522 0.20444 0.20265
  0.20449 0.20324 0.2026  0.20112 0.20165 0.19969 0.19913 0.19685 0.19632
  0.19637 0.19616 0.19461 0.19448 0.19319 0.1931  0.19244 0.19168 0.19024
  0.18916 0.18921 0.18829 0.18678 0.1867  0.18737 0.18447 0.18468 0.18475
  0.18351 0.18299 0.18257 0.1814  0.17933 0.18048 0.17904 0.17772 0.17752
  0.17711 0.17607 0.17432 0.17484 0.17323 0.17246 0.17317 0.17151 0.17196
  0.17109 0.1716  0.1697  0.16985 0.16933 0.16931 0.16739 0.16852 0.16575
  0.16591 0.16621 0.1662  0.16487 0.16495 0.16426 0.16474 0.16275 0.16504
  0.16279 0.16353 0.16252 0.16325 0.16277 0.1614  0.16296 0.16216 0.16039
  0.16108 0.16114 0.16105 0.1627  0.16132 0.16146 0.16174 0.15999 0.16182
  0.16161 0.16211 0.16206 0.16225 0.16216 0.1627  0.16272 0.16319 0.16478
  0.1633  0.16395 0.16399 0.1659  0.16587 0.16629 0.16522 0.16626 0.1667
  0.16859 0.16711 0.16956 0.16799 0.16995 0.17061 0.17189 0.17099 0.17297
  0.17404 0.17525 0.17483 0.17647 0.17678 0.17784 0.17894 0.17914 0.18062
  0.18248 0.18158 0.18294 0.18434 0.18438 0.18736 0.18682 0.18887 0.19012
  0.19032 0.19214 0.19349 0.19434 0.19477 0.19538 0.19719 0.19905 0.19897
  0.20236 0.20205 0.20358 0.20465 0.20731 0.20703 0.20857 0.21085 0.21148
  0.21163 0.21428 0.21559 0.21606 0.2179  0.21991 0.22042 0.22192 0.22276
  0.2252  0.22687 0.22796 0.2298  0.23082 0.23222 0.23299 0.23516 0.23621
  0.23815 0.23983 0.24112 0.24404 0.2448  0.24595 0.24791 0.24741 0.25002
  0.25079 0.25386 0.25573 0.25595 0.25826 0.25867 0.26044 0.26307 0.26313
  0.26525 0.26713 0.26786 0.27226 0.27246 0.27309 0.27567 0.27759 0.27722
  0.28068 0.28003 0.28319 0.28353 0.2847  0.28755 0.28845 0.29059 0.29308
  0.29291 0.29598 0.29642 0.2987  0.29933 0.30068 0.30385 0.30642 0.30496
  0.30742 0.30888 0.31067 0.31162 0.31302 0.3147  0.31708 0.31769 0.31972
  0.32108 0.32282 0.32414 0.32597 0.32744 0.32965 0.32903 0.33139 0.33314
  0.33606 0.3369  0.33861 0.33895 0.34098 0.34164 0.34376 0.3454  0.34648
  0.34967 0.34925 0.35303 0.35168 0.35412 0.3551  0.35509 0.35747 0.3593
  0.36146 0.362   0.36356 0.3649  0.36607 0.36616 0.36879 0.36998 0.37123
  0.37263 0.37482 0.37612 0.37668 0.37804 0.3798  0.37999 0.38261 0.38335
  0.3845  0.38607 0.38639 0.38766 0.38949 0.39174 0.39223 0.39361 0.39235
  0.39601 0.39778 0.39809 0.39895 0.40054 0.40168 0.40284 0.4045  0.40511
  0.40527 0.40746 0.40939 0.40983 0.4111  0.41323 0.41181 0.41379 0.41399
  0.4167  0.41743 0.41764 0.41876 0.42082 0.42071 0.42295 0.42312 0.42554
  0.42474 0.42526 0.42799 0.42943 0.42923 0.43082 0.43125 0.43245 0.43231
  0.43348 0.43511 0.43552 0.43773 0.43749 0.437   0.43868 0.44025 0.44046
  0.44106 0.44237 0.44408 0.44305 0.4447  0.44597 0.44733 0.4475  0.44776
  0.4483  0.45031 0.45025 0.45111 0.45087 0.45155 0.45329 0.45283 0.45456
  0.45435 0.45443 0.45397 0.45687 0.45813 0.4569  0.45857 0.45905 0.45969
  0.45896 0.45968 0.46115 0.46151 0.46164 0.46209 0.46235 0.46415 0.46321
  0.4638  0.46581 0.46484 0.46445 0.46586 0.46647 0.46711 0.46757 0.46743
  0.46771 0.4685  0.46771 0.47009 0.46925 0.46932 0.46952 0.47005 0.46971
  0.47009 0.47105 0.47169 0.47205 0.47119 0.47213 0.47264 0.47181 0.47192
  0.47333 0.4735  0.47254 0.4743  0.47323 0.47483 0.47353 0.47446 0.47394
  0.47308 0.47285 0.47434 0.47422 0.47514 0.47391 0.4741  0.47526 0.4745
  0.47441 0.47489 0.47367 0.4746  0.47471 0.47393 0.4742  0.47541 0.47466
  0.47414 0.47366 0.47405 0.47288 0.47339 0.47251 0.47298 0.47249 0.47371
  0.47308 0.47252 0.47237 0.47197 0.47178 0.47145 0.4705  0.47072 0.47138
  0.47031 0.46979 0.46973 0.46977 0.4692  0.46812 0.46847 0.46812 0.46861
  0.46709 0.46635 0.46758 0.46566 0.46676 0.46497 0.46575 0.46556 0.46333
  0.46453 0.4637  0.46423 0.46209 0.46241 0.4622  0.46016 0.46114 0.46064
  0.46022 0.45948 0.45757 0.45731 0.45676 0.45735 0.45679 0.45514 0.45449
  0.4546  0.45374 0.45247 0.45283 0.45178 0.4522  0.45129 0.44954 0.4479
  0.44988 0.44831 0.44722 0.44751 0.4449  0.44556 0.4452  0.44303 0.44356
  0.44294 0.44149 0.4429  0.4401  0.4399  0.43814 0.43906 0.4379  0.43745
  0.43454 0.43387 0.43222 0.43223 0.43192 0.4322  0.43159 0.42931 0.42748
  0.42733 0.42665 0.42636 0.42583 0.42369 0.42364 0.42258 0.42119 0.42083
  0.41912 0.41918 0.41736 0.41745 0.4174  0.4155  0.41398 0.41405 0.41382
  0.41157 0.4106  0.40952 0.40881 0.40792 0.40756 0.40542 0.405   0.40296
  0.4024  0.40205 0.40043 0.39961 0.39924 0.39914 0.39742 0.39613 0.39692
  0.39382 0.39317 0.39126 0.39068 0.3905  0.38876 0.3886  0.38854 0.38463
  0.38496 0.3847  0.38398 0.38178 0.38098 0.38111 0.37919 0.37845 0.37694
  0.3753  0.37423 0.37369 0.37327 0.37132 0.37078 0.36958 0.36844 0.3684
  0.36665 0.36544 0.3634  0.36395 0.36259 0.36165 0.36111 0.36026 0.3591
  0.35821 0.35605 0.35686 0.35526 0.35292 0.35266 0.35133 0.34997 0.34981
  0.34734 0.3468  0.34768 0.34622 0.34371 0.34347 0.34231 0.34204 0.3417
  0.33902 0.3391  0.33792 0.33684 0.33627 0.33685 0.33539 0.33328 0.33325
  0.33267 0.3313  0.33124 0.33    0.32859 0.32827 0.32789 0.32689 0.32552
  0.3241  0.32521 0.3245  0.32326 0.32213 0.31979 0.32006 0.31945 0.31731
  0.31838 0.31703 0.31675 0.31631 0.31514 0.31533 0.31369 0.31304 0.31291
  0.31176 0.31136 0.31084 0.30914 0.30981 0.30939 0.30784 0.30751 0.30702
  0.30743 0.30705 0.30575 0.30512 0.30387 0.30397 0.30222 0.30361 0.30215
  0.30207 0.30182 0.30256 0.30125 0.29968 0.30009 0.30004 0.29963 0.30012
  0.29941 0.30054 0.2982  0.29762 0.2987  0.29718 0.29805 0.29872 0.29634
  0.29738 0.29692 0.29648 0.29752 0.29738 0.29588 0.29533 0.29629 0.29611
  0.29632 0.29653 0.29726 0.29753 0.29672 0.29614 0.29622 0.29629 0.29687
  0.29627 0.29675 0.29731 0.29724 0.29779 0.29708 0.29779 0.29862 0.29886
  0.2975  0.29883 0.29864 0.29812 0.29959 0.30018 0.29989 0.30009 0.30074
  0.30085 0.30134 0.30178 0.30234 0.30154 0.3017  0.30277 0.30461 0.30331
  0.30402 0.30473 0.30505 0.30688 0.3058  0.30647 0.30608 0.30861 0.30902
  0.30938 0.30977 0.31081 0.31076 0.31153 0.312   0.31342 0.31315 0.31443
  0.31549 0.31483 0.31617 0.31627 0.3173  0.31874 0.31858 0.31912 0.31992
  0.32096 0.32113 0.32298 0.32346 0.32484 0.32557 0.32688 0.32676 0.32686
  0.32818 0.32864 0.32956 0.33059 0.33149 0.3312  0.33348 0.33407 0.3347
  0.33585 0.33774 0.33767 0.33915 0.34002 0.34102 0.34162 0.34254 0.34456
  0.34429 0.34479 0.34574 0.34637 0.34811 0.34966 0.3509  0.35105 0.35266
  0.35371 0.35442 0.35473 0.3552  0.35679 0.35855 0.36004 0.36139 0.36142
  0.36235 0.36239 0.36485 0.36624 0.36631 0.3679  0.36855 0.3693  0.37052
  0.37072 0.37409 0.37311 0.37505 0.37597 0.37647 0.37767 0.37864 0.37985
  0.38127 0.38194 0.38342 0.38497 0.38414 0.38713 0.38691 0.38797 0.38976
  0.39036 0.39138 0.39191 0.39442 0.39372 0.39532 0.39727 0.39825 0.39796
  0.39877 0.4008  0.40063 0.40171 0.4021  0.40473 0.40481 0.40566 0.40701
  0.40795 0.40858 0.41132 0.41287 0.4125  0.41359 0.41338 0.41499 0.41733
  0.41742 0.41824]
 [0.19825 0.19825 0.19704 0.19743 0.19701 0.19608 0.19623 0.19423 0.19571
  0.19687 0.19599 0.19665 0.19646 0.19762 0.19587 0.19683 0.19799 0.19791
  0.19719 0.20027 0.19989 0.19974 0.20019 0.20045 0.20171 0.20159 0.20275
  0.20352 0.204   0.20402 0.2042  0.20646 0.20616 0.20745 0.20846 0.20965
  0.20974 0.21075 0.21149 0.21211 0.21344 0.21332 0.2149  0.21577 0.21608
  0.21684 0.21877 0.21746 0.21983 0.21995 0.22156 0.22299 0.22322 0.2244
  0.22443 0.22639 0.22673 0.22681 0.22812 0.22846 0.22947 0.23179 0.23137
  0.23239 0.23336 0.23374 0.23556 0.23607 0.23635 0.23684 0.23761 0.23847
  0.23867 0.23988 0.2409  0.24114 0.24159 0.24148 0.24331 0.24431 0.24301
  0.24487 0.24483 0.24618 0.24693 0.24739 0.24822 0.24715 0.2481  0.24801
  0.24774 0.24942 0.24907 0.25038 0.25002 0.25103 0.25088 0.25064 0.25156
  0.25134 0.2516  0.25181 0.25165 0.25418 0.25377 0.2534  0.25337 0.25386
  0.25286 0.25296 0.25461 0.25338 0.25411 0.25359 0.25365 0.25354 0.25364
  0.25388 0.25256 0.2541  0.25193 0.25306 0.25372 0.2533  0.25282 0.25419
  0.25213 0.25094 0.25268 0.25155 0.25213 0.2493  0.25166 0.25062 0.25078
  0.24888 0.24951 0.24873 0.24925 0.24887 0.24719 0.24772 0.24772 0.24668
  0.24569 0.24599 0.24578 0.2446  0.24403 0.24315 0.24353 0.24088 0.24242
  0.24232 0.2408  0.24004 0.23954 0.23962 0.23764 0.23769 0.23737 0.23584
  0.23494 0.23395 0.23417 0.23281 0.23281 0.23323 0.23157 0.23086 0.23075
  0.22952 0.22887 0.22765 0.22762 0.2256  0.22515 0.22423 0.22433 0.2223
  0.22197 0.22037 0.22011 0.21942 0.21979 0.21804 0.21574 0.21433 0.21622
  0.21515 0.21436 0.21347 0.21195 0.21099 0.21116 0.20836 0.2085  0.20842
  0.20736 0.20792 0.20535 0.20448 0.20303 0.2022  0.20098 0.2015  0.20081
  0.19832 0.19957 0.19762 0.196   0.19639 0.19606 0.19545 0.19434 0.19276
  0.19329 0.19185 0.19028 0.18925 0.1903  0.18825 0.18831 0.18633 0.1863
  0.1863  0.18518 0.18458 0.18443 0.18349 0.1816  0.18171 0.18339 0.18041
  0.18005 0.1795  0.17923 0.17887 0.17885 0.17898 0.17836 0.17792 0.17769
  0.17664 0.17671 0.1763  0.17541 0.1755  0.17446 0.17362 0.17476 0.17399
  0.1746  0.17464 0.17355 0.17323 0.17416 0.17452 0.17214 0.17295 0.17399
  0.17546 0.17502 0.17382 0.17473 0.17465 0.17393 0.17455 0.17402 0.17507
  0.17597 0.17672 0.17658 0.17648 0.17813 0.17652 0.178   0.1781  0.17827
  0.17935 0.18008 0.18127 0.18035 0.18085 0.18209 0.18233 0.18338 0.18447
  0.18446 0.18676 0.18613 0.18762 0.18821 0.18756 0.18903 0.18916 0.19044
  0.19216 0.19276 0.19336 0.19468 0.19621 0.19659 0.1985  0.19893 0.19842
  0.20151 0.20287 0.20341 0.204   0.20585 0.20569 0.20763 0.20766 0.21109
  0.2109  0.21301 0.21202 0.21557 0.21662 0.21708 0.21783 0.22053 0.22078
  0.22273 0.224   0.22584 0.22793 0.22762 0.22916 0.23005 0.23169 0.23439
  0.23565 0.23642 0.23841 0.2401  0.241   0.24219 0.24448 0.24409 0.24668
  0.24892 0.25047 0.25056 0.25154 0.25347 0.25505 0.2567  0.25886 0.25969
  0.26196 0.2611  0.26499 0.26461 0.26873 0.26894 0.27166 0.27185 0.27352
  0.27503 0.27494 0.27879 0.27992 0.28158 0.2821  0.28445 0.28589 0.28719
  0.28878 0.28906 0.2919  0.29268 0.29447 0.29672 0.29632 0.29858 0.30187
  0.30171 0.30422 0.30609 0.30671 0.30733 0.30962 0.31083 0.31203 0.31351
  0.31564 0.31703 0.31776 0.31931 0.3212  0.32353 0.32557 0.32654 0.32729
  0.32926 0.33132 0.33234 0.33376 0.33469 0.33434 0.33659 0.33967 0.34054
  0.3424  0.34293 0.34573 0.34538 0.34752 0.34919 0.34939 0.35204 0.35368
  0.35437 0.35546 0.35779 0.36005 0.36034 0.36163 0.36158 0.36457 0.36471
  0.36597 0.3677  0.36893 0.3697  0.37261 0.37214 0.37316 0.37483 0.37618
  0.37641 0.37779 0.38056 0.38078 0.38352 0.38414 0.38481 0.3851  0.38746
  0.38959 0.3896  0.3902  0.39122 0.39218 0.39472 0.39516 0.3956  0.39911
  0.39789 0.39948 0.39969 0.40265 0.40267 0.4029  0.40458 0.40568 0.40687
  0.40687 0.40971 0.40915 0.41103 0.41032 0.41354 0.41407 0.41548 0.41619
  0.41596 0.41739 0.41802 0.41937 0.41897 0.42154 0.4211  0.42161 0.42355
  0.42416 0.42358 0.42619 0.42626 0.42788 0.42647 0.42755 0.42944 0.43019
  0.43143 0.43114 0.43223 0.43356 0.43285 0.43373 0.43533 0.43616 0.43555
  0.43749 0.43808 0.43713 0.4383  0.43857 0.43916 0.44059 0.43992 0.44188
  0.44224 0.4433  0.44274 0.44477 0.445   0.44609 0.44555 0.44527 0.44611
  0.44599 0.44587 0.44623 0.44758 0.44845 0.44909 0.44957 0.45021 0.4499
  0.45077 0.45101 0.45032 0.45181 0.44996 0.45229 0.45067 0.45298 0.45213
  0.45354 0.45271 0.4526  0.45302 0.45468 0.45428 0.45333 0.45435 0.45305
  0.45375 0.45368 0.45465 0.45403 0.45648 0.45468 0.45543 0.45415 0.45475
  0.4546  0.45525 0.45533 0.45613 0.4548  0.45582 0.456   0.45565 0.45598
  0.45556 0.45484 0.45539 0.45459 0.45409 0.45381 0.45478 0.45448 0.45503
  0.45437 0.4532  0.45459 0.45412 0.4535  0.45303 0.45464 0.45376 0.45203
  0.45387 0.45229 0.452   0.45254 0.45203 0.45251 0.45168 0.45077 0.45185
  0.45014 0.44981 0.44928 0.44988 0.44948 0.44784 0.44825 0.44682 0.44789
  0.44687 0.44599 0.44546 0.44664 0.44622 0.44491 0.44463 0.4442  0.44408
  0.44275 0.4429  0.4417  0.44124 0.44198 0.43889 0.44108 0.43958 0.43844
  0.43894 0.43865 0.43612 0.43728 0.43558 0.43603 0.43489 0.43454 0.43254
  0.43343 0.4312  0.43183 0.43007 0.43007 0.42994 0.42845 0.42808 0.42781
  0.42624 0.42694 0.42588 0.4245  0.42253 0.42244 0.42164 0.42089 0.42049
  0.41999 0.41961 0.41719 0.41755 0.41744 0.41547 0.41451 0.41514 0.41267
  0.41218 0.4113  0.41081 0.41016 0.40858 0.40842 0.40691 0.40592 0.4054
  0.40307 0.40287 0.40197 0.40129 0.40151 0.39888 0.39806 0.3975  0.39631
  0.39534 0.39569 0.39469 0.39314 0.39248 0.39195 0.3886  0.38856 0.38739
  0.38655 0.38527 0.38528 0.38291 0.3821  0.38152 0.38158 0.37872 0.37812
  0.37793 0.3758  0.37503 0.37366 0.37376 0.37267 0.37101 0.36859 0.36884
  0.36716 0.36639 0.36635 0.36344 0.3638  0.36227 0.36122 0.35855 0.3583
  0.35837 0.35585 0.35593 0.35401 0.35375 0.35264 0.35184 0.35058 0.34877
  0.34919 0.34625 0.34486 0.34468 0.34329 0.3412  0.34162 0.3396  0.33796
  0.33683 0.33776 0.33631 0.33451 0.33255 0.33176 0.33139 0.32965 0.32979
  0.32805 0.32658 0.32479 0.32428 0.32316 0.32153 0.32053 0.31909 0.31751
  0.31782 0.31611 0.31564 0.31453 0.31324 0.31186 0.31179 0.31036 0.31012
  0.30868 0.308   0.30596 0.30525 0.30319 0.30378 0.30261 0.30223 0.30034
  0.29946 0.29853 0.29723 0.29653 0.29506 0.29401 0.29223 0.29303 0.29185
  0.28949 0.28979 0.28943 0.28838 0.28733 0.28631 0.28493 0.28488 0.28411
  0.28276 0.28188 0.28152 0.2795  0.27905 0.27852 0.27968 0.27885 0.27685
  0.2768  0.27553 0.27405 0.27354 0.27363 0.27308 0.27262 0.27236 0.27208
  0.26996 0.27129 0.26924 0.26803 0.26779 0.26647 0.26611 0.26665 0.26589
  0.26671 0.26568 0.26416 0.26417 0.26323 0.26364 0.26286 0.26111 0.26296
  0.26272 0.26209 0.26192 0.26081 0.26087 0.2603  0.26029 0.25997 0.25957
  0.25931 0.26055 0.25877 0.25876 0.25933 0.25888 0.25857 0.25946 0.2592
  0.25908 0.25823 0.2596  0.25871 0.25834 0.25896 0.25776 0.25885 0.25919
  0.25796 0.25942 0.25795 0.25879 0.25932 0.25825 0.2595  0.26137 0.26078
  0.26083 0.2618  0.26076 0.26287 0.26257 0.26215 0.26199 0.26312 0.26352
  0.26451 0.26421 0.26457 0.26394 0.26536 0.26666 0.26716 0.26739 0.26784
  0.26804 0.26799 0.26928 0.27012 0.27102 0.27165 0.27172 0.27249 0.27335
  0.27323 0.27535 0.27498 0.2758  0.2762  0.27728 0.27689 0.27907 0.2803
  0.28115 0.28143 0.282   0.28279 0.28323 0.28515 0.28518 0.2855  0.28611
  0.28725 0.28879 0.28851 0.29072 0.29118 0.29162 0.29346 0.29363 0.29438
  0.29453 0.29646 0.29732 0.29841 0.29882 0.30063 0.30151 0.3029  0.30293
  0.30438 0.30478 0.30694 0.30701 0.30892 0.31034 0.31098 0.31144 0.31198
  0.31454 0.31547 0.31642 0.3179  0.3188  0.31887 0.31972 0.32106 0.32192
  0.32347 0.32511 0.32524 0.32635 0.32957 0.32902 0.32893 0.33118 0.33256
  0.33341 0.33391 0.33532 0.33649 0.33728 0.33922 0.33981 0.34078 0.34215
  0.3439  0.34379 0.34556 0.34756 0.34844 0.34768 0.35142 0.3508  0.3532
  0.35272 0.3532  0.35569 0.35686 0.35956 0.35936 0.36034 0.36156 0.36248
  0.36363 0.36599 0.36566 0.36819 0.36898 0.37029 0.37018 0.37103 0.37366
  0.37387 0.37448 0.37512 0.37738 0.37826 0.37927 0.38047 0.38143 0.38225
  0.38408 0.38527 0.38553 0.38664 0.38728 0.38981 0.38956 0.39127 0.39335
  0.39386 0.39523 0.39631 0.39746 0.3978  0.39786 0.40066 0.40018 0.40165
  0.40212 0.40357]
 [0.18333 0.18304 0.18271 0.18344 0.18287 0.18246 0.18408 0.18383 0.18429
  0.18346 0.18329 0.18371 0.18287 0.18358 0.18407 0.18531 0.1839  0.18478
  0.18583 0.18505 0.18776 0.18768 0.18587 0.18884 0.18906 0.18922 0.1913
  0.18978 0.19046 0.19126 0.19133 0.19223 0.19277 0.19477 0.19468 0.19567
  0.19613 0.19889 0.19712 0.1978  0.19894 0.19997 0.20089 0.2001  0.20196
  0.20257 0.20304 0.20375 0.2034  0.20489 0.20602 0.20674 0.20694 0.20698
  0.20909 0.20865 0.20991 0.20893 0.21025 0.21182 0.21265 0.21294 0.21255
  0.21379 0.21628 0.21497 0.21674 0.21498 0.21608 0.21763 0.21813 0.21754
  0.21807 0.21875 0.21982 0.21942 0.21881 0.21943 0.22017 0.22025 0.2209
  0.2203  0.22122 0.22182 0.2218  0.22155 0.22079 0.22232 0.22279 0.22226
  0.22219 0.22244 0.22272 0.2233  0.22238 0.22302 0.22298 0.22345 0.22366
  0.22237 0.22284 0.22297 0.22343 0.22245 0.22234 0.22219 0.22189 0.22121
  0.22113 0.22138 0.22055 0.2203  0.2203  0.22073 0.21916 0.21933 0.21999
  0.21892 0.21897 0.21711 0.21878 0.21785 0.21712 0.21743 0.21632 0.21628
  0.21531 0.21545 0.21385 0.21365 0.21344 0.21367 0.21282 0.21266 0.21142
  0.20971 0.21045 0.20957 0.20846 0.20907 0.20866 0.20791 0.20688 0.20611
  0.20561 0.20508 0.2039  0.20295 0.20205 0.2016  0.2009  0.19916 0.20042
  0.19939 0.19813 0.19814 0.1962  0.19557 0.19465 0.19446 0.19271 0.19224
  0.19105 0.19185 0.18968 0.19038 0.18937 0.18741 0.18825 0.18673 0.18706
  0.18502 0.18413 0.18256 0.18276 0.18096 0.18262 0.18087 0.1791  0.1795
  0.17885 0.17754 0.17581 0.17574 0.17477 0.17473 0.17307 0.17323 0.17253
  0.17152 0.17182 0.17169 0.17046 0.16913 0.16787 0.16642 0.16678 0.1657
  0.16623 0.164   0.16472 0.16347 0.1637  0.16295 0.16217 0.16121 0.16124
  0.16019 0.15945 0.15915 0.15963 0.15786 0.1571  0.15623 0.15681 0.15584
  0.15617 0.15558 0.15565 0.15406 0.1535  0.15488 0.1534  0.15387 0.15341
  0.15355 0.15335 0.154   0.15289 0.15314 0.1542  0.15308 0.15224 0.1524
  0.15299 0.15412 0.15349 0.15358 0.15436 0.15253 0.15449 0.15415 0.15346
  0.15376 0.15397 0.15572 0.15579 0.15545 0.15634 0.15586 0.15656 0.15657
  0.15756 0.15891 0.15949 0.1602  0.15995 0.16061 0.16233 0.16246 0.16315
  0.1638  0.16313 0.16417 0.16564 0.16637 0.16749 0.16759 0.16831 0.17012
  0.17093 0.17256 0.17222 0.17341 0.17434 0.17646 0.17591 0.17843 0.17875
  0.18004 0.18043 0.18151 0.18255 0.18498 0.18402 0.18592 0.18703 0.18891
  0.18976 0.19074 0.19281 0.19389 0.19545 0.19691 0.19647 0.19842 0.19991
  0.20028 0.20293 0.20422 0.20448 0.20653 0.20744 0.20926 0.21185 0.21215
  0.21397 0.21526 0.21657 0.21904 0.21837 0.22083 0.22261 0.22403 0.22644
  0.226   0.22885 0.23112 0.23173 0.23298 0.23401 0.23651 0.23781 0.23874
  0.24022 0.24166 0.24367 0.24622 0.24766 0.24817 0.24991 0.25274 0.25416
  0.25523 0.25717 0.25938 0.25977 0.26205 0.26228 0.26455 0.26664 0.26777
  0.26868 0.27067 0.27281 0.27424 0.27626 0.27668 0.2789  0.28234 0.28245
  0.2829  0.28525 0.28666 0.28852 0.29142 0.29293 0.2944  0.29515 0.29691
  0.29924 0.29998 0.30112 0.30311 0.30407 0.3068  0.30824 0.30878 0.31102
  0.31185 0.31535 0.31714 0.31743 0.31808 0.32081 0.3224  0.32247 0.32447
  0.32646 0.32831 0.32836 0.33174 0.3318  0.3346  0.33561 0.33841 0.33891
  0.33996 0.34174 0.34306 0.34399 0.34607 0.34929 0.34906 0.35175 0.35327
  0.35324 0.35536 0.35633 0.35813 0.35894 0.36086 0.36333 0.36327 0.3664
  0.3676  0.36749 0.36963 0.37134 0.3708  0.37415 0.37695 0.37734 0.37847
  0.37936 0.3822  0.38353 0.38304 0.38476 0.38693 0.38744 0.38865 0.39095
  0.39237 0.39272 0.39563 0.39548 0.3983  0.3978  0.3988  0.40032 0.40178
  0.40392 0.40586 0.40642 0.40787 0.40809 0.40972 0.40927 0.41221 0.41191
  0.41438 0.41482 0.41619 0.41804 0.41855 0.41987 0.42174 0.42261 0.42478
  0.42413 0.42525 0.42735 0.42794 0.42902 0.4292  0.43035 0.432   0.43246
  0.43364 0.43401 0.43537 0.43645 0.43705 0.43894 0.44131 0.44102 0.44212
  0.44322 0.44482 0.44534 0.44492 0.44679 0.44718 0.44828 0.45076 0.44967
  0.45154 0.45107 0.45369 0.45421 0.45338 0.4565  0.45728 0.45708 0.45822
  0.45901 0.45981 0.46006 0.46099 0.46188 0.46217 0.46375 0.4643  0.46533
  0.46505 0.46652 0.46757 0.46701 0.46749 0.46754 0.46897 0.47082 0.47174
  0.47092 0.47186 0.47248 0.473   0.47311 0.47419 0.47457 0.47547 0.47505
  0.47643 0.47717 0.47734 0.47723 0.47749 0.47878 0.47839 0.47991 0.48036
  0.48037 0.48138 0.48148 0.48177 0.48044 0.48347 0.48297 0.48365 0.48259
  0.48313 0.4846  0.4848  0.4852  0.48561 0.485   0.48502 0.48457 0.48496
  0.48702 0.48545 0.48657 0.48559 0.48698 0.48736 0.48711 0.48794 0.48757
  0.48759 0.48879 0.48849 0.48876 0.48711 0.48782 0.48815 0.48844 0.48824
  0.48842 0.48835 0.48729 0.48904 0.48803 0.48856 0.48765 0.48886 0.4885
  0.48854 0.48793 0.48685 0.48781 0.48776 0.48804 0.48832 0.48772 0.48717
  0.48724 0.48614 0.48656 0.48748 0.48597 0.48592 0.48543 0.48503 0.48472
  0.48589 0.48554 0.48491 0.48409 0.48421 0.48413 0.48411 0.4841  0.48295
  0.48267 0.4827  0.48267 0.48214 0.48102 0.48098 0.48047 0.47927 0.47996
  0.47946 0.47811 0.47798 0.47814 0.47723 0.4772  0.47611 0.47607 0.47476
  0.47517 0.4742  0.47313 0.47413 0.47326 0.47104 0.47185 0.47132 0.47097
  0.46982 0.46889 0.46856 0.46699 0.46731 0.46771 0.46508 0.46525 0.46466
  0.46425 0.46268 0.46414 0.46175 0.46144 0.46077 0.46001 0.45987 0.45921
  0.45796 0.45533 0.45731 0.456   0.45437 0.45254 0.45296 0.45108 0.452
  0.45092 0.45006 0.44844 0.44777 0.44715 0.44663 0.44638 0.44409 0.44422
  0.44368 0.44161 0.44231 0.44081 0.44063 0.43777 0.43768 0.43816 0.43622
  0.4352  0.43436 0.43319 0.4323  0.43146 0.43053 0.42917 0.42938 0.42761
  0.42744 0.42606 0.42423 0.42313 0.42307 0.42114 0.42131 0.41974 0.41852
  0.41729 0.41707 0.41553 0.41424 0.41432 0.41126 0.41071 0.40995 0.40887
  0.40925 0.40832 0.40653 0.4055  0.40545 0.4047  0.40382 0.4016  0.39987
  0.39923 0.39681 0.39661 0.3962  0.39518 0.39508 0.39341 0.39223 0.39099
  0.39046 0.38881 0.38587 0.38672 0.38616 0.38437 0.38385 0.38213 0.3813
  0.38003 0.3793  0.37752 0.37744 0.37578 0.37508 0.37472 0.37311 0.37215
  0.37092 0.36924 0.36894 0.36837 0.36747 0.36493 0.36461 0.36357 0.36254
  0.36243 0.35989 0.36013 0.35858 0.35725 0.35774 0.35601 0.35521 0.35353
  0.35206 0.35132 0.35019 0.34979 0.34921 0.34791 0.34776 0.34582 0.34566
  0.34497 0.34346 0.34266 0.34205 0.34101 0.33911 0.34052 0.33706 0.33692
  0.33632 0.33516 0.33441 0.33252 0.33372 0.33188 0.33093 0.33078 0.33018
  0.32929 0.32712 0.32683 0.32632 0.32517 0.32451 0.32498 0.3235  0.32313
  0.32241 0.32139 0.31962 0.32039 0.31895 0.31767 0.31858 0.3175  0.31691
  0.31578 0.31561 0.31552 0.31384 0.31411 0.31368 0.3141  0.31073 0.31302
  0.31207 0.31191 0.31071 0.31088 0.31033 0.31052 0.30925 0.30938 0.30937
  0.30822 0.30773 0.30734 0.30718 0.30725 0.30663 0.3054  0.30651 0.30574
  0.30506 0.30491 0.30605 0.30473 0.30533 0.30457 0.30484 0.30473 0.30412
  0.30507 0.30456 0.30516 0.30403 0.30418 0.30407 0.30308 0.30422 0.3046
  0.30528 0.303   0.3042  0.30449 0.30415 0.30476 0.30517 0.30423 0.30568
  0.30445 0.30559 0.30615 0.3067  0.3057  0.30628 0.30771 0.30672 0.30728
  0.30761 0.30895 0.30709 0.30893 0.3081  0.3103  0.30952 0.31009 0.3112
  0.31191 0.31111 0.3122  0.31231 0.31376 0.31495 0.31447 0.3147  0.31493
  0.31628 0.31698 0.31779 0.31868 0.31903 0.31937 0.32094 0.32054 0.32003
  0.32101 0.32205 0.32325 0.32387 0.32407 0.32465 0.32608 0.32661 0.32738
  0.32822 0.32793 0.32983 0.33088 0.33146 0.33138 0.33259 0.33347 0.33491
  0.3355  0.33566 0.33673 0.33836 0.33939 0.33874 0.33995 0.34188 0.34287
  0.34285 0.34478 0.34467 0.34569 0.34631 0.34794 0.34829 0.35026 0.35054
  0.35184 0.35323 0.35326 0.35516 0.35563 0.35659 0.35761 0.35895 0.3613
  0.36143 0.36259 0.36293 0.36379 0.36512 0.3661  0.36694 0.36735 0.3691
  0.36995 0.37049 0.37151 0.3735  0.37394 0.37373 0.37622 0.37736 0.37839
  0.37956 0.3804  0.38118 0.38196 0.38314 0.38457 0.38542 0.38632 0.38858
  0.38835 0.39085 0.39047 0.39181 0.39392 0.39407 0.39544 0.39625 0.39688
  0.39774 0.39946 0.39961 0.40204 0.40198 0.40279 0.4044  0.40592 0.40703
  0.40722 0.40892 0.40956 0.41076 0.4119  0.41209 0.41275 0.41522 0.41586
  0.41696 0.41755 0.41802 0.41915 0.42096 0.42282 0.42312 0.42288 0.42597
  0.42667 0.42805 0.42932 0.42895 0.42961 0.43026 0.43316 0.43456 0.434
  0.43409 0.43653]
 [0.19365 0.19265 0.19232 0.19255 0.19313 0.1924  0.19106 0.19157 0.19239
  0.19137 0.19241 0.19137 0.19189 0.19402 0.19256 0.19263 0.19353 0.19355
  0.1945  0.19431 0.19537 0.19539 0.19659 0.19697 0.19732 0.19775 0.19885
  0.19802 0.19999 0.2007  0.20099 0.20135 0.2025  0.20333 0.20454 0.20503
  0.20542 0.20685 0.20652 0.20767 0.20816 0.20982 0.21068 0.21124 0.21194
  0.21326 0.21365 0.21571 0.21562 0.21602 0.21617 0.21818 0.21932 0.21984
  0.2216  0.22069 0.2213  0.2225  0.22426 0.22426 0.22469 0.22582 0.22716
  0.22771 0.2268  0.22905 0.22894 0.23016 0.22914 0.231   0.23104 0.23235
  0.23196 0.2335  0.23421 0.23458 0.23557 0.23609 0.23644 0.23737 0.23709
  0.2378  0.23824 0.23896 0.23836 0.23846 0.23952 0.24046 0.23942 0.24201
  0.24173 0.24085 0.24112 0.24228 0.24123 0.24251 0.24197 0.24252 0.24276
  0.2423  0.24325 0.24175 0.24304 0.24365 0.24378 0.24269 0.24458 0.24375
  0.24264 0.24313 0.24306 0.24401 0.24366 0.2444  0.24322 0.24255 0.24222
  0.24236 0.24201 0.24253 0.24186 0.2413  0.24237 0.2405  0.24138 0.24097
  0.24047 0.24078 0.23873 0.23902 0.2389  0.23839 0.23838 0.23802 0.23709
  0.23661 0.23639 0.2355  0.23436 0.23438 0.23455 0.23432 0.23461 0.23288
  0.23145 0.23243 0.23093 0.23057 0.22978 0.22845 0.22851 0.22753 0.22634
  0.22524 0.22591 0.22471 0.22446 0.22339 0.22265 0.22193 0.22163 0.22127
  0.22031 0.2204  0.21832 0.21907 0.21733 0.2165  0.21596 0.21539 0.21361
  0.2127  0.21129 0.21181 0.21067 0.20988 0.20878 0.20827 0.2072  0.20744
  0.20543 0.2046  0.20332 0.20292 0.20117 0.20078 0.20027 0.19896 0.19901
  0.19894 0.19657 0.19548 0.19573 0.19438 0.19258 0.19219 0.1921  0.19138
  0.18918 0.18954 0.18802 0.18694 0.18715 0.18621 0.18539 0.18423 0.184
  0.18231 0.18214 0.1828  0.18064 0.18073 0.17769 0.17956 0.17923 0.17704
  0.176   0.17652 0.17604 0.17494 0.17429 0.17364 0.17306 0.17227 0.17217
  0.1702  0.17219 0.17155 0.16961 0.16989 0.16916 0.16892 0.16852 0.16744
  0.16713 0.16702 0.16755 0.16726 0.16625 0.16605 0.16662 0.1661  0.16599
  0.16604 0.16541 0.16504 0.16466 0.16516 0.16565 0.16585 0.16486 0.16488
  0.1666  0.1663  0.16675 0.16602 0.1671  0.16698 0.16672 0.16712 0.16786
  0.16837 0.16765 0.16851 0.1677  0.16976 0.1701  0.16978 0.17065 0.17116
  0.17199 0.17206 0.17266 0.17343 0.17431 0.17483 0.17581 0.1755  0.17804
  0.17955 0.17958 0.18077 0.18065 0.18017 0.18208 0.18328 0.18436 0.18616
  0.1866  0.18696 0.18796 0.18811 0.19038 0.19072 0.19294 0.19302 0.19417
  0.19645 0.1973  0.19729 0.19914 0.20103 0.20124 0.20284 0.2046  0.2043
  0.20664 0.20863 0.20867 0.21103 0.21245 0.21275 0.21426 0.21546 0.21597
  0.21886 0.22041 0.22017 0.22365 0.22509 0.22507 0.22653 0.22778 0.23054
  0.23206 0.23124 0.23329 0.2365  0.23743 0.23877 0.24002 0.24359 0.24407
  0.24516 0.24737 0.24863 0.25032 0.25152 0.25322 0.25508 0.2553  0.25692
  0.26011 0.25971 0.26178 0.26269 0.26392 0.26853 0.2679  0.26903 0.27065
  0.27265 0.27416 0.27636 0.27713 0.27825 0.28117 0.28269 0.28394 0.28542
  0.28727 0.29015 0.29008 0.29206 0.29287 0.29584 0.29738 0.29757 0.30016
  0.30185 0.30444 0.30411 0.30556 0.30766 0.30995 0.31221 0.31224 0.31332
  0.31577 0.31617 0.31846 0.32036 0.32206 0.32267 0.32504 0.32608 0.32774
  0.32862 0.33003 0.33148 0.33427 0.33614 0.33596 0.33773 0.33884 0.34159
  0.34176 0.34398 0.34526 0.34658 0.34827 0.34996 0.35129 0.35219 0.35461
  0.35563 0.35757 0.35893 0.35996 0.36065 0.3628  0.36248 0.36562 0.36696
  0.3687  0.36996 0.36982 0.37215 0.37328 0.37445 0.37711 0.37677 0.3788
  0.3805  0.38242 0.3814  0.38325 0.38429 0.38643 0.38696 0.38897 0.39019
  0.39164 0.39336 0.39477 0.39503 0.39566 0.39627 0.39965 0.4003  0.40133
  0.40286 0.40291 0.4041  0.40639 0.40614 0.40684 0.40759 0.41069 0.41223
  0.4111  0.41286 0.41387 0.41453 0.41611 0.41675 0.41688 0.41802 0.41879
  0.42013 0.42082 0.4229  0.42418 0.4242  0.42502 0.42725 0.42659 0.42748
  0.42878 0.43038 0.43183 0.43214 0.4335  0.4326  0.43501 0.43537 0.43549
  0.43735 0.43717 0.43774 0.43915 0.43935 0.43922 0.43928 0.44055 0.44075
  0.4427  0.44382 0.44486 0.44437 0.44494 0.44663 0.44739 0.44755 0.44812
  0.44876 0.44919 0.45149 0.44989 0.45019 0.45253 0.45305 0.45364 0.45273
  0.45355 0.45387 0.45498 0.45486 0.45527 0.45471 0.45547 0.45641 0.45761
  0.45736 0.4583  0.45816 0.45887 0.45902 0.46021 0.45931 0.46082 0.46087
  0.45907 0.46192 0.46247 0.46179 0.46262 0.46173 0.46339 0.46222 0.4623
  0.46344 0.46308 0.46407 0.46345 0.46297 0.46501 0.46518 0.46479 0.46511
  0.46446 0.46428 0.46365 0.46467 0.46458 0.46428 0.46524 0.46527 0.46341
  0.46607 0.46375 0.4653  0.46428 0.46467 0.46485 0.46504 0.4656  0.46604
  0.46472 0.46378 0.46404 0.4643  0.46333 0.46326 0.46438 0.46409 0.46277
  0.46328 0.46287 0.46424 0.4612  0.46268 0.46337 0.46261 0.46166 0.46104
  0.46194 0.46128 0.46087 0.46002 0.45898 0.45832 0.46027 0.4577  0.45734
  0.45726 0.45766 0.45637 0.4565  0.45696 0.45613 0.4552  0.45403 0.45445
  0.45491 0.45308 0.45231 0.45351 0.45215 0.45096 0.44955 0.45025 0.44996
  0.44858 0.44846 0.44802 0.4469  0.44697 0.44576 0.44572 0.44611 0.44518
  0.44318 0.44272 0.44207 0.44086 0.44103 0.44108 0.43894 0.43947 0.4392
  0.43711 0.43754 0.43625 0.436   0.43352 0.43349 0.43304 0.4308  0.43132
  0.43119 0.42935 0.42944 0.42822 0.42827 0.42584 0.42619 0.42414 0.4239
  0.42344 0.42094 0.42151 0.42099 0.41917 0.419   0.41824 0.41664 0.41525
  0.41527 0.41426 0.41214 0.41223 0.41103 0.41047 0.40744 0.40873 0.40716
  0.40543 0.40582 0.4048  0.40334 0.40315 0.40114 0.40079 0.3999  0.39871
  0.39619 0.3957  0.39495 0.3935  0.39353 0.39146 0.39057 0.39025 0.389
  0.38772 0.3868  0.38616 0.38474 0.38351 0.38112 0.38025 0.38016 0.37773
  0.37685 0.3762  0.37387 0.37482 0.37307 0.37329 0.37073 0.37043 0.36958
  0.36639 0.36655 0.36564 0.36489 0.36256 0.36276 0.36033 0.35835 0.35889
  0.35692 0.35656 0.35418 0.35406 0.35207 0.35226 0.35045 0.349   0.34766
  0.3471  0.34632 0.345   0.3441  0.3428  0.34109 0.34096 0.33814 0.33801
  0.33726 0.33622 0.33535 0.33327 0.33188 0.33053 0.33103 0.32847 0.32818
  0.32612 0.3249  0.32415 0.32295 0.32172 0.32132 0.32081 0.31816 0.31725
  0.31636 0.31583 0.31504 0.31447 0.31205 0.31218 0.31133 0.30933 0.30857
  0.30724 0.30572 0.30599 0.30457 0.30345 0.30222 0.30186 0.30216 0.29991
  0.29997 0.29779 0.29793 0.29686 0.29634 0.29543 0.29377 0.29175 0.29201
  0.29223 0.29133 0.28989 0.28879 0.28903 0.28711 0.28506 0.28454 0.28545
  0.28367 0.28433 0.28387 0.28204 0.28059 0.28206 0.2788  0.2794  0.2774
  0.27817 0.27793 0.27736 0.27628 0.27527 0.27502 0.27458 0.27435 0.27381
  0.27242 0.27257 0.27163 0.27192 0.2706  0.27165 0.2714  0.27036 0.26984
  0.26907 0.26858 0.26831 0.26797 0.26818 0.26829 0.26695 0.26786 0.26733
  0.26709 0.26749 0.26618 0.26522 0.26689 0.26687 0.26538 0.26606 0.26694
  0.2662  0.26431 0.26563 0.26658 0.26658 0.2661  0.26593 0.267   0.26593
  0.26729 0.26725 0.26656 0.26684 0.26758 0.26846 0.26848 0.26843 0.26729
  0.26764 0.26964 0.26906 0.27016 0.27014 0.27038 0.27012 0.27206 0.27202
  0.27071 0.27174 0.2729  0.27231 0.27391 0.27347 0.27565 0.27559 0.27731
  0.27726 0.27752 0.2769  0.27829 0.27848 0.27863 0.28075 0.27875 0.282
  0.28314 0.28313 0.28323 0.28376 0.28498 0.2866  0.28681 0.28772 0.28838
  0.28958 0.28823 0.28987 0.29307 0.293   0.29384 0.29345 0.29541 0.29509
  0.29625 0.29703 0.29862 0.29956 0.30081 0.30109 0.30225 0.30409 0.30447
  0.30518 0.3065  0.30634 0.30874 0.30887 0.30935 0.31093 0.31238 0.3129
  0.31397 0.31437 0.31525 0.31774 0.31806 0.31877 0.32054 0.32148 0.32289
  0.32302 0.32519 0.32477 0.32717 0.3273  0.32904 0.33123 0.33134 0.33269
  0.33353 0.33392 0.33602 0.3363  0.33952 0.33919 0.34112 0.34136 0.34387
  0.34381 0.3438  0.34626 0.34746 0.34767 0.34917 0.35037 0.35231 0.35141
  0.35391 0.35629 0.35643 0.35797 0.36036 0.3591  0.36184 0.36223 0.36312
  0.36432 0.36564 0.36702 0.36781 0.36803 0.37044 0.37083 0.37225 0.37316
  0.37473 0.37618 0.37774 0.37897 0.37876 0.37991 0.38115 0.38358 0.38312
  0.38571 0.38674 0.38791 0.38858 0.38922 0.39114 0.39284 0.39375 0.39356
  0.39499 0.39605 0.39691 0.39808 0.39964 0.40094 0.40185 0.40188 0.40418
  0.40377 0.40723 0.40692 0.40782 0.40918 0.41069 0.41137 0.41308 0.41327
  0.41476 0.41492 0.41637 0.41761 0.4184  0.41906 0.4213  0.4221  0.42275
  0.42333 0.42417]
 [0.18592 0.18455 0.18515 0.18466 0.18531 0.18441 0.18372 0.1847  0.18511
  0.18497 0.18505 0.18486 0.18519 0.18569 0.18601 0.18619 0.18595 0.18571
  0.18737 0.18674 0.18769 0.18862 0.18951 0.18929 0.1898  0.1908  0.19134
  0.19276 0.19249 0.19257 0.19547 0.19387 0.19507 0.196   0.19636 0.19681
  0.1966  0.19859 0.1992  0.20006 0.20072 0.20111 0.2019  0.20235 0.20371
  0.20381 0.2041  0.2065  0.20639 0.20682 0.20722 0.2079  0.20956 0.2088
  0.21003 0.21091 0.21163 0.21156 0.21252 0.2137  0.2138  0.21484 0.21551
  0.21745 0.21675 0.21746 0.21766 0.21884 0.21808 0.21954 0.2187  0.22053
  0.22097 0.2206  0.22179 0.22155 0.22304 0.22237 0.22332 0.22418 0.22465
  0.22456 0.2235  0.2257  0.22444 0.22499 0.22543 0.22572 0.22641 0.22557
  0.22656 0.22698 0.22592 0.22701 0.22707 0.22757 0.22715 0.22581 0.22808
  0.22722 0.22668 0.228   0.2272  0.22715 0.22629 0.22615 0.22666 0.22608
  0.22679 0.22696 0.22601 0.22576 0.22608 0.22614 0.22623 0.22502 0.22485
  0.22522 0.22378 0.22387 0.223   0.22456 0.22307 0.22208 0.22164 0.2212
  0.22102 0.22168 0.22006 0.2203  0.21949 0.21874 0.21848 0.21805 0.21696
  0.21787 0.21677 0.21613 0.21392 0.21556 0.21408 0.21279 0.21278 0.21203
  0.2117  0.21174 0.21062 0.21098 0.21047 0.20794 0.20754 0.20736 0.20738
  0.20627 0.20502 0.20338 0.20444 0.20453 0.20204 0.20233 0.20073 0.20048
  0.19944 0.19952 0.19715 0.19689 0.19683 0.19487 0.19616 0.19417 0.19375
  0.19289 0.19128 0.19092 0.19058 0.1898  0.18822 0.18678 0.18712 0.18574
  0.18504 0.18503 0.18353 0.18298 0.18203 0.18107 0.17967 0.17914 0.17976
  0.17782 0.17735 0.17649 0.17558 0.1746  0.17494 0.17437 0.17316 0.17224
  0.17217 0.17063 0.17138 0.16902 0.16784 0.16811 0.1673  0.16757 0.16821
  0.16686 0.16553 0.16373 0.16467 0.16409 0.16242 0.16252 0.16179 0.16161
  0.16087 0.15969 0.16026 0.16064 0.15992 0.15861 0.15849 0.15991 0.15851
  0.15687 0.15719 0.15677 0.15654 0.15678 0.15539 0.1557  0.1551  0.15521
  0.15504 0.15639 0.15522 0.15505 0.15541 0.15521 0.15546 0.15575 0.15594
  0.15379 0.15478 0.15661 0.15519 0.15611 0.15597 0.15636 0.15727 0.15725
  0.15687 0.15795 0.15863 0.16008 0.15825 0.15995 0.16058 0.16085 0.16084
  0.16189 0.16312 0.16225 0.16402 0.16452 0.16559 0.16483 0.16635 0.16681
  0.16834 0.16926 0.17028 0.17032 0.1719  0.17098 0.17205 0.17333 0.17606
  0.17557 0.17685 0.17756 0.17918 0.17895 0.18234 0.18227 0.18367 0.1831
  0.18486 0.18663 0.18665 0.18705 0.19016 0.1915  0.19269 0.19278 0.19486
  0.19683 0.19659 0.19863 0.19932 0.20077 0.20211 0.2034  0.20526 0.20726
  0.20698 0.21028 0.21124 0.21213 0.21358 0.21416 0.21585 0.2175  0.2192
  0.22    0.22113 0.22322 0.22507 0.22614 0.22805 0.2294  0.23128 0.23238
  0.23398 0.23452 0.23673 0.23849 0.23982 0.24142 0.2427  0.24475 0.24591
  0.24691 0.24997 0.25143 0.25165 0.25462 0.25596 0.25635 0.25912 0.25947
  0.26212 0.26364 0.26466 0.267   0.26868 0.27034 0.27152 0.27282 0.27397
  0.27597 0.27776 0.27804 0.28092 0.28244 0.28385 0.28614 0.28646 0.28919
  0.28941 0.2926  0.29261 0.29405 0.29587 0.29935 0.29893 0.30102 0.30337
  0.30431 0.30619 0.30653 0.30813 0.31085 0.3123  0.31553 0.31583 0.31788
  0.31894 0.32091 0.322   0.32369 0.32388 0.32548 0.32726 0.32965 0.33038
  0.3329  0.33369 0.33583 0.33788 0.33816 0.33987 0.34064 0.34398 0.34489
  0.34583 0.3472  0.34946 0.35019 0.35351 0.35336 0.35498 0.35627 0.35763
  0.36083 0.36058 0.36136 0.36413 0.365   0.36674 0.36659 0.36901 0.36988
  0.37108 0.37364 0.37513 0.37519 0.37785 0.37885 0.38029 0.38286 0.38239
  0.38342 0.38535 0.38645 0.38858 0.38814 0.39084 0.39102 0.39184 0.39299
  0.39565 0.39693 0.39658 0.39862 0.40067 0.40281 0.40246 0.40365 0.40591
  0.40629 0.40761 0.408   0.40903 0.41211 0.41147 0.41373 0.4143  0.41503
  0.41772 0.41768 0.41911 0.42026 0.42132 0.42209 0.42344 0.42499 0.42485
  0.42695 0.42683 0.42904 0.42809 0.42981 0.43089 0.43074 0.4328  0.43332
  0.43457 0.43564 0.4369  0.43754 0.43921 0.43974 0.43992 0.44133 0.44219
  0.44376 0.44511 0.44571 0.44401 0.44701 0.44728 0.44834 0.4497  0.45144
  0.45148 0.45195 0.45145 0.45289 0.45377 0.45489 0.45493 0.45505 0.45679
  0.45687 0.45738 0.45919 0.4594  0.46014 0.46089 0.46226 0.46269 0.46229
  0.46274 0.46294 0.46425 0.4645  0.46537 0.46644 0.46705 0.46668 0.4678
  0.46798 0.46902 0.46907 0.46995 0.47    0.47092 0.47042 0.47197 0.47202
  0.47125 0.47207 0.47295 0.4726  0.4739  0.47489 0.47456 0.4752  0.47568
  0.47433 0.47472 0.47593 0.47577 0.47617 0.47775 0.47745 0.47686 0.47709
  0.47823 0.47792 0.47811 0.47801 0.47798 0.4781  0.47844 0.4782  0.47909
  0.47843 0.47805 0.4799  0.47992 0.47956 0.47974 0.47917 0.47991 0.47921
  0.48048 0.48029 0.4797  0.47973 0.48037 0.47851 0.48012 0.48036 0.47953
  0.47997 0.48015 0.47964 0.47896 0.47942 0.47926 0.47937 0.47884 0.47906
  0.47841 0.47772 0.47644 0.47943 0.47747 0.47788 0.47688 0.47644 0.478
  0.47663 0.47595 0.47486 0.47641 0.47513 0.47575 0.47399 0.47653 0.47362
  0.47367 0.47395 0.47217 0.47279 0.47295 0.47133 0.47231 0.47074 0.47087
  0.46914 0.46939 0.46936 0.46795 0.46839 0.4674  0.46768 0.46843 0.46606
  0.46633 0.46526 0.46563 0.46532 0.46268 0.46288 0.46287 0.46271 0.46102
  0.46161 0.46142 0.461   0.4593  0.45842 0.45945 0.45759 0.45731 0.45533
  0.45556 0.45584 0.45441 0.45251 0.45271 0.45173 0.45277 0.4505  0.44999
  0.44844 0.44816 0.44761 0.44682 0.44646 0.44579 0.44523 0.44269 0.44417
  0.44137 0.44193 0.44055 0.44033 0.43941 0.43886 0.43712 0.43606 0.43676
  0.43403 0.43428 0.43301 0.43255 0.4311  0.42979 0.42966 0.42806 0.42754
  0.42713 0.42597 0.42474 0.42424 0.4231  0.42152 0.4218  0.4193  0.41918
  0.41814 0.41727 0.41708 0.4154  0.41418 0.41303 0.41237 0.41148 0.41116
  0.40852 0.40797 0.40654 0.40678 0.40611 0.4043  0.4029  0.40313 0.40146
  0.40038 0.40009 0.39895 0.39704 0.39556 0.39538 0.39369 0.39397 0.3926
  0.39123 0.39032 0.38966 0.38843 0.38815 0.38772 0.38336 0.38417 0.38292
  0.38094 0.38085 0.37906 0.37874 0.37824 0.37712 0.3749  0.37388 0.37259
  0.37236 0.3698  0.36928 0.36903 0.36783 0.36784 0.36655 0.36555 0.36388
  0.36333 0.36201 0.36051 0.35983 0.3595  0.35757 0.35716 0.35548 0.35509
  0.35336 0.35332 0.35252 0.35193 0.35037 0.34827 0.34774 0.34641 0.34562
  0.34522 0.34408 0.34326 0.34214 0.34153 0.34016 0.33949 0.33778 0.33784
  0.33446 0.33608 0.33511 0.33332 0.3338  0.33273 0.33105 0.32942 0.32896
  0.32827 0.32682 0.32619 0.32552 0.32443 0.32407 0.32281 0.32221 0.32205
  0.32143 0.31976 0.31952 0.31801 0.31799 0.31761 0.31644 0.31572 0.31559
  0.31458 0.31254 0.31314 0.31222 0.31051 0.31049 0.31004 0.30815 0.30922
  0.30711 0.30785 0.30697 0.30639 0.30492 0.30486 0.30521 0.3042  0.30405
  0.30288 0.30361 0.30267 0.30199 0.30206 0.30101 0.3014  0.30124 0.29963
  0.30035 0.29839 0.29917 0.29815 0.29926 0.29742 0.29822 0.29734 0.29705
  0.29769 0.29637 0.29698 0.29632 0.29635 0.29659 0.29633 0.29592 0.29541
  0.29632 0.29519 0.29609 0.29585 0.29457 0.29592 0.29597 0.29558 0.29583
  0.29571 0.29591 0.29575 0.29656 0.2964  0.29608 0.29654 0.29658 0.2969
  0.29725 0.2974  0.29788 0.29782 0.29824 0.29847 0.29857 0.29907 0.29986
  0.30039 0.30058 0.30079 0.30064 0.30188 0.30166 0.30241 0.30332 0.30202
  0.30371 0.30278 0.30441 0.30518 0.30567 0.30553 0.30633 0.30755 0.30751
  0.30809 0.3086  0.30953 0.30912 0.31035 0.31138 0.31171 0.31275 0.31322
  0.31473 0.3151  0.31526 0.31572 0.31655 0.31722 0.31734 0.32045 0.31966
  0.32041 0.32111 0.32228 0.32241 0.32308 0.32363 0.32418 0.32596 0.32658
  0.32857 0.3283  0.32967 0.33133 0.33101 0.3319  0.33294 0.33278 0.33503
  0.3349  0.33682 0.33698 0.33798 0.3388  0.33991 0.34075 0.34177 0.34353
  0.34384 0.34442 0.3479  0.34648 0.34726 0.34855 0.35036 0.35122 0.35218
  0.35224 0.35378 0.35555 0.35531 0.35728 0.35849 0.35881 0.35971 0.36164
  0.36275 0.36324 0.36382 0.36622 0.36758 0.36893 0.36911 0.36994 0.37093
  0.372   0.37323 0.3747  0.37548 0.37675 0.37785 0.37854 0.3785  0.38017
  0.38326 0.38265 0.38329 0.38455 0.38568 0.38631 0.3877  0.39003 0.38937
  0.39155 0.39197 0.39325 0.39437 0.39555 0.39657 0.39787 0.39791 0.39989
  0.40126 0.40168 0.40293 0.40422 0.40567 0.40743 0.40674 0.40728 0.40816
  0.41007 0.4099  0.41288 0.4134  0.41408 0.41468 0.41749 0.41758 0.41834
  0.4194  0.42014 0.42091 0.42151 0.42353 0.42362 0.42539 0.42707 0.42841
  0.42823 0.42837]]
Mean: 0.31706, Std Dev: 0.09935
