[[0.04669 0.04646 0.04633 0.0463  0.04625 0.04618 0.04618 0.04631 0.04638
  0.0465  0.04665 0.04683 0.04705 0.04724 0.04748 0.04776 0.04797 0.04827
  0.0485  0.04874 0.04904 0.04933 0.04967 0.04985 0.05028 0.05054 0.05086
  0.05116 0.05147 0.05186 0.05212 0.05232 0.05274 0.05293 0.05323 0.05357
  0.05385 0.05408 0.05431 0.05458 0.05486 0.05508 0.05531 0.05549 0.05569
  0.05593 0.05609 0.05627 0.05645 0.05654 0.05669 0.05683 0.05702 0.05713
  0.05723 0.05735 0.05746 0.05755 0.05765 0.05767 0.05777 0.05781 0.05792
  0.05791 0.05806 0.058   0.05799 0.05804 0.05804 0.0581  0.0581  0.05813
  0.05806 0.05805 0.0581  0.05813 0.05812 0.0581  0.05812 0.05809 0.05809
  0.05814 0.05805 0.05808 0.05814 0.05809 0.05816 0.05811 0.05817 0.05824
  0.05822 0.05826 0.05841 0.05843 0.05861 0.05872 0.05885 0.05888 0.05906
  0.05928 0.0594  0.05965 0.05983 0.06009 0.0603  0.06065 0.06093 0.06129
  0.06166 0.06208 0.06242 0.06292 0.06338 0.0639  0.06442 0.06503 0.06564
  0.06621 0.06692 0.06765 0.06837 0.06912 0.06996 0.07087 0.07169 0.0726
  0.07357 0.07443 0.07557 0.07655 0.0777  0.07873 0.07981 0.08104 0.08219
  0.08341 0.08457 0.08579 0.0871  0.08843 0.0897  0.09097 0.0923  0.0937
  0.09507 0.09655 0.09791 0.09922 0.10069 0.10212 0.10349 0.10492 0.10642
  0.10783 0.10931 0.11079 0.11225 0.11361 0.11511 0.11653 0.11787 0.11929
  0.12078 0.12215 0.12355 0.12483 0.12629 0.12761 0.12895 0.13028 0.13159
  0.13284 0.13411 0.13539 0.13658 0.13778 0.13905 0.14023 0.14134 0.1424
  0.14349 0.14455 0.14569 0.14658 0.14769 0.14865 0.14958 0.15047 0.15136
  0.15224 0.15309 0.15392 0.15463 0.15545 0.15614 0.15693 0.15757 0.15818
  0.15885 0.15942 0.15996 0.16039 0.16095 0.16154 0.16197 0.16244 0.1628
  0.16321 0.16348 0.16385 0.16423 0.16456 0.16474 0.16505 0.16521 0.16547
  0.16559 0.16585 0.16587 0.16616 0.16628 0.16624 0.16633 0.16647 0.1664
  0.1664  0.16648 0.16648 0.16647 0.16637 0.16635 0.16633 0.16622 0.166
  0.16588 0.1659  0.16571 0.16557 0.16541 0.16521 0.16511 0.16486 0.16457
  0.16445 0.16428 0.16398 0.16377 0.16345 0.16322 0.16299 0.16267 0.16251
  0.16205 0.16178 0.16159 0.16124 0.16097 0.16064 0.16029 0.16001 0.15964
  0.15939 0.15895 0.15869 0.1583  0.15794 0.15755 0.15714 0.1569  0.15658
  0.15612 0.15564 0.15536 0.15497 0.15454 0.1542  0.15379 0.15332 0.15297
  0.15253 0.15207 0.15171 0.15133 0.1508  0.1503  0.14999 0.14958 0.14903
  0.14862 0.14816 0.14773 0.14727 0.14679 0.14625 0.14577 0.14531 0.14482
  0.14436 0.14402 0.14348 0.14295 0.14238 0.14188 0.14136 0.14086 0.14037
  0.1399  0.13941 0.13875 0.13825 0.13773 0.1372  0.13669 0.13611 0.13572
  0.1351  0.13468 0.13398 0.13348 0.13313 0.13245 0.13193 0.13142 0.13081
  0.13042 0.12995 0.12929 0.12879 0.12819 0.12762 0.1272  0.12666 0.12627
  0.12569 0.1252  0.12459 0.12426 0.12372 0.12325 0.12282 0.12234 0.12197
  0.12146 0.12106 0.12058 0.12035 0.11983 0.11948 0.11906 0.11872 0.11851
  0.11806 0.11769 0.11749 0.11715 0.11699 0.11669 0.11653 0.11626 0.1162
  0.116   0.11587 0.11581 0.11558 0.11565 0.11559 0.11559 0.11545 0.11561
  0.11557 0.11558 0.11581 0.11582 0.11595 0.11615 0.11626 0.11653 0.1168
  0.11714 0.1173  0.11765 0.11796 0.11831 0.11874 0.11906 0.11954 0.11992
  0.1205  0.12103 0.12144 0.12199 0.12257 0.12312 0.12362 0.12424 0.12493
  0.12565 0.12631 0.12705 0.12768 0.12844 0.12912 0.12992 0.13074 0.13155
  0.13234 0.13314 0.13391 0.13472 0.13554 0.1364  0.13731 0.13823 0.13903
  0.14    0.14085 0.1418  0.14269 0.14364 0.14451 0.14543 0.14636 0.14742
  0.1483  0.14928 0.15009 0.15111 0.15214 0.15285 0.15381 0.15487 0.1557
  0.15667 0.15766 0.15847 0.15938 0.16036 0.16123 0.16222 0.16287 0.16376
  0.16481 0.16558 0.16642 0.16731 0.16823 0.16905 0.16984 0.17076 0.1714
  0.17226 0.17311 0.17378 0.17458 0.17539 0.17604 0.17674 0.17751 0.17815
  0.17885 0.17956 0.18021 0.1809  0.18144 0.18212 0.18269 0.18328 0.18397
  0.18446 0.18496 0.18549 0.18603 0.18668 0.18701 0.18752 0.18801 0.1884
  0.18879 0.18932 0.18972 0.19014 0.19044 0.19075 0.19117 0.19148 0.19198
  0.1921  0.19247 0.19283 0.19309 0.19328 0.19357 0.19382 0.19407 0.19421
  0.19444 0.19466 0.19488 0.19489 0.19508 0.19513 0.19544 0.19556 0.19555
  0.19562 0.19579 0.19589 0.19579 0.19591 0.19595 0.19595 0.19591 0.19597
  0.19589 0.196   0.19592 0.19584 0.19569 0.19592 0.19571 0.1956  0.19554
  0.19533 0.19529 0.19507 0.19504 0.19491 0.19477 0.1946  0.19431 0.19423
  0.19394 0.19372 0.19359 0.19348 0.19325 0.19295 0.19279 0.19237 0.19226
  0.19212 0.1918  0.19137 0.19125 0.19081 0.19053 0.19025 0.19008 0.18974
  0.18931 0.18896 0.18861 0.1884  0.18799 0.18764 0.18734 0.18696 0.18647
  0.18617 0.18589 0.18534 0.18499 0.18466 0.18419 0.18382 0.18356 0.18296
  0.18251 0.1821  0.18166 0.18134 0.18082 0.18038 0.17989 0.17959 0.17908
  0.17861 0.17808 0.17753 0.17714 0.17654 0.17628 0.17582 0.17511 0.17466
  0.17416 0.17361 0.1732  0.17282 0.1721  0.17157 0.17118 0.17072 0.17008
  0.1696  0.16893 0.1686  0.16804 0.16744 0.16694 0.16637 0.16579 0.16523
  0.1647  0.1642  0.16357 0.16312 0.16255 0.16181 0.16136 0.16074 0.16014
  0.15956 0.159   0.15845 0.15776 0.15724 0.15669 0.15599 0.15546 0.15489
  0.1543  0.15363 0.15311 0.15245 0.15191 0.15119 0.15067 0.15005 0.14938
  0.14878 0.14817 0.1475  0.14682 0.14635 0.1456  0.14487 0.14432 0.14368
  0.14303 0.14236 0.14177 0.14107 0.1405  0.13982 0.13916 0.1385  0.13785
  0.13719 0.13648 0.1359  0.13532 0.13459 0.13389 0.13335 0.13268 0.13196
  0.13125 0.13055 0.12993 0.12937 0.12878 0.12814 0.12726 0.12671 0.12612
  0.12538 0.12479 0.12402 0.12343 0.12274 0.12212 0.12138 0.12071 0.12016
  0.1194  0.11881 0.11816 0.11741 0.11689 0.1163  0.11556 0.11485 0.11421
  0.11371 0.11294 0.11243 0.11181 0.1112  0.11056 0.10992 0.10937 0.10884
  0.10812 0.10753 0.1069  0.10643 0.10582 0.10527 0.10467 0.10418 0.10362
  0.10309 0.10242 0.10193 0.10144 0.10093 0.10024 0.09986 0.09937 0.09884
  0.09848 0.09796 0.09756 0.09704 0.09657 0.09619 0.09568 0.09532 0.09488
  0.09439 0.09411 0.09377 0.09349 0.09316 0.09278 0.0925  0.09208 0.09194
  0.09152 0.09129 0.0909  0.09078 0.09064 0.09033 0.09015 0.0899  0.08974
  0.08959 0.08953 0.08922 0.08922 0.08903 0.0889  0.08882 0.08875 0.08868
  0.08869 0.08867 0.08855 0.08845 0.08858 0.0887  0.08876 0.08878 0.08877
  0.089   0.08916 0.08914 0.08923 0.08937 0.08965 0.08993 0.09007 0.09018
  0.09035 0.09068 0.09088 0.09127 0.09142 0.09165 0.092   0.09232 0.09266
  0.09297 0.09339 0.09355 0.09397 0.09435 0.09483 0.09521 0.09561 0.09592
  0.09635 0.09672 0.09732 0.09772 0.09817 0.09869 0.09921 0.09966 0.10012
  0.10058 0.10118 0.10163 0.10215 0.10284 0.10316 0.10372 0.1043  0.10475
  0.10546 0.10598 0.10651 0.10704 0.10749 0.10817 0.10873 0.10922 0.10984
  0.11047 0.11101 0.11163 0.11217 0.11275 0.11344 0.11399 0.11462 0.11523
  0.11575 0.11633 0.11698 0.11749 0.1182  0.11871 0.11919 0.11994 0.12049
  0.12108 0.12169 0.12222 0.12288 0.12347 0.12399 0.12467 0.12511 0.12583
  0.12623 0.12684 0.12744 0.12788 0.12854 0.12916 0.12956 0.13004 0.13072
  0.13115 0.13176 0.13229 0.13283 0.13323 0.13395 0.13435 0.13489 0.13546
  0.13605 0.13644 0.13697 0.13744 0.13786 0.13834 0.13878 0.1393  0.13978
  0.14032 0.14073 0.14118 0.14167 0.14206 0.14261 0.143   0.14349 0.14375
  0.14421 0.14471 0.14509 0.14542 0.1459  0.14616 0.14659 0.14708 0.14739
  0.14776 0.14798 0.14844 0.14883 0.14908 0.14943 0.14974 0.1501  0.15045
  0.15071 0.15105 0.15121 0.15167 0.15189 0.15216 0.15258 0.15274 0.15304
  0.1533  0.15358 0.15376 0.15411 0.15428 0.15445 0.15475 0.1549  0.15522
  0.15539 0.15569 0.15592 0.15596 0.15621 0.15633 0.15652 0.1567  0.15695
  0.15709 0.15723 0.15741 0.15755 0.15755 0.15784 0.15792 0.15808 0.15823
  0.15833 0.15839 0.15864 0.15878 0.15876 0.15884 0.15893 0.15914 0.15912
  0.15914 0.15929 0.15939 0.15938 0.1595  0.15955 0.15963 0.15962 0.15964
  0.15965 0.15972 0.15976 0.15965 0.15979 0.15983 0.15978 0.15969 0.15973
  0.15973 0.15978 0.15965 0.15961 0.15956 0.15948 0.15944 0.15947 0.15936
  0.15936 0.15925 0.15928 0.15929 0.15924 0.15904 0.159   0.15886 0.15876
  0.15879 0.15872 0.15849 0.15846 0.15845 0.15828 0.15824 0.15807 0.15793
  0.15785 0.15765 0.15765 0.15752 0.15721 0.15719 0.15709 0.15684 0.15677
  0.15655 0.15647 0.1563  0.1562  0.15593 0.15577 0.15563 0.15548 0.15531
  0.15508 0.15502]
 [0.03949 0.03935 0.03937 0.03927 0.03911 0.0391  0.03905 0.03906 0.0391
  0.03914 0.03926 0.03936 0.0394  0.03947 0.03956 0.03969 0.03989 0.03993
  0.04017 0.04025 0.04036 0.04043 0.04071 0.04078 0.04101 0.04122 0.04124
  0.04144 0.0416  0.04175 0.04191 0.04211 0.04222 0.04245 0.04259 0.04274
  0.04278 0.043   0.04318 0.04323 0.04344 0.04358 0.04364 0.04373 0.04398
  0.0441  0.04421 0.04437 0.04448 0.04458 0.04465 0.04464 0.0448  0.04498
  0.04509 0.04514 0.04514 0.04525 0.04537 0.04545 0.04548 0.04561 0.04566
  0.04573 0.04573 0.04583 0.04587 0.04597 0.04606 0.04603 0.04608 0.04614
  0.0462  0.0463  0.04628 0.04633 0.04643 0.04636 0.04643 0.04656 0.04665
  0.0466  0.04674 0.04681 0.04686 0.04695 0.04701 0.04711 0.04722 0.04715
  0.04741 0.04748 0.04762 0.04771 0.04784 0.04806 0.0482  0.04835 0.04851
  0.04874 0.04892 0.04921 0.0493  0.04964 0.04991 0.05013 0.0504  0.05073
  0.05109 0.05144 0.05172 0.05212 0.05242 0.05285 0.05317 0.05375 0.05414
  0.05451 0.05511 0.05563 0.05616 0.05668 0.0572  0.05786 0.05846 0.059
  0.05972 0.06034 0.06103 0.06184 0.06251 0.0633  0.06397 0.06477 0.06554
  0.06641 0.06727 0.06808 0.0689  0.06976 0.07061 0.07156 0.07254 0.07339
  0.07434 0.07532 0.07623 0.0772  0.07815 0.07914 0.08007 0.08106 0.08211
  0.08311 0.0841  0.08517 0.08608 0.08714 0.08821 0.08916 0.09021 0.0912
  0.09223 0.09331 0.09435 0.09534 0.09633 0.09726 0.09825 0.09917 0.1003
  0.10116 0.10218 0.10307 0.10408 0.10494 0.10588 0.10689 0.10776 0.10866
  0.10948 0.11039 0.11128 0.11205 0.11297 0.11366 0.11453 0.11537 0.11604
  0.11675 0.1175  0.11819 0.11891 0.11963 0.12021 0.12096 0.12152 0.12208
  0.12276 0.12328 0.12379 0.12431 0.12483 0.12529 0.12584 0.12628 0.1267
  0.12706 0.12751 0.12797 0.12826 0.12857 0.12895 0.12929 0.12958 0.12984
  0.13011 0.13035 0.13063 0.13085 0.13108 0.1312  0.13139 0.13156 0.13174
  0.13191 0.132   0.13206 0.13206 0.13224 0.13235 0.1324  0.13238 0.1324
  0.13251 0.13246 0.13245 0.1325  0.1324  0.13242 0.13241 0.13232 0.13228
  0.13221 0.13216 0.13205 0.13199 0.13176 0.13175 0.13167 0.1316  0.13145
  0.13127 0.13127 0.13101 0.13096 0.13076 0.13061 0.13056 0.13032 0.13017
  0.13002 0.12984 0.12979 0.12951 0.12947 0.12925 0.12906 0.12878 0.12862
  0.12841 0.12841 0.12815 0.1278  0.12783 0.12763 0.12744 0.12727 0.127
  0.12688 0.1267  0.12652 0.12625 0.12615 0.12591 0.12577 0.12553 0.12537
  0.12504 0.12491 0.12468 0.12452 0.12431 0.1241  0.12386 0.12373 0.12362
  0.12324 0.12315 0.12289 0.12264 0.12245 0.12222 0.12201 0.1219  0.12166
  0.12153 0.12125 0.121   0.12071 0.1206  0.12037 0.12008 0.11999 0.11978
  0.11953 0.11924 0.11903 0.11887 0.11859 0.11842 0.11805 0.11799 0.11753
  0.11742 0.11719 0.1169  0.11679 0.11642 0.11625 0.11607 0.11582 0.11566
  0.11542 0.11515 0.11489 0.11458 0.11446 0.11427 0.11416 0.11384 0.11355
  0.11336 0.11326 0.1131  0.11281 0.1126  0.11245 0.11226 0.11213 0.11191
  0.11165 0.11168 0.11144 0.11131 0.11124 0.1109  0.11086 0.11078 0.11068
  0.11054 0.11053 0.11045 0.11045 0.11032 0.11023 0.11029 0.11034 0.11019
  0.11027 0.11041 0.11043 0.11054 0.1104  0.11058 0.11069 0.11071 0.11089
  0.11097 0.11111 0.11135 0.11137 0.11175 0.11182 0.11215 0.11219 0.1126
  0.1128  0.11317 0.11354 0.11374 0.11415 0.11436 0.11477 0.11525 0.11562
  0.11609 0.11644 0.11697 0.11745 0.11786 0.11839 0.11891 0.11949 0.11995
  0.12054 0.121   0.12164 0.12221 0.1228  0.12345 0.124   0.12465 0.12525
  0.126   0.12657 0.12733 0.128   0.12866 0.12941 0.13006 0.1308  0.13164
  0.13228 0.13306 0.13381 0.13452 0.13523 0.13608 0.13688 0.13754 0.13831
  0.13911 0.13998 0.14067 0.14159 0.14225 0.14314 0.14381 0.14457 0.14534
  0.14615 0.14701 0.14774 0.14854 0.14919 0.15003 0.15077 0.15158 0.15233
  0.15311 0.15382 0.1546  0.15531 0.15601 0.1568  0.15749 0.15825 0.1589
  0.15954 0.16023 0.16105 0.1616  0.1624  0.16287 0.16355 0.16422 0.16479
  0.1655  0.16606 0.16678 0.16729 0.16786 0.16831 0.16902 0.16958 0.17003
  0.1705  0.17115 0.17155 0.17211 0.17244 0.17293 0.17345 0.17395 0.17437
  0.17481 0.17521 0.1756  0.17589 0.17628 0.17672 0.1772  0.17732 0.17765
  0.17792 0.17829 0.17855 0.1788  0.17915 0.17936 0.17972 0.17978 0.18007
  0.18018 0.18034 0.1806  0.18076 0.18092 0.18108 0.18124 0.18136 0.18151
  0.18154 0.18162 0.18177 0.18171 0.1818  0.18201 0.18189 0.18196 0.18201
  0.18203 0.18212 0.18204 0.18193 0.18203 0.18197 0.18189 0.1819  0.18179
  0.1817  0.18153 0.18159 0.18145 0.18135 0.18127 0.181   0.18093 0.18078
  0.1806  0.18042 0.18027 0.18007 0.18004 0.17971 0.17962 0.17936 0.17917
  0.17897 0.17874 0.17834 0.17828 0.1779  0.17776 0.17743 0.17725 0.17683
  0.17664 0.17638 0.17602 0.1758  0.17543 0.17515 0.17484 0.17454 0.17413
  0.17395 0.17361 0.17327 0.17284 0.1726  0.17213 0.17175 0.17144 0.17101
  0.17066 0.17021 0.16985 0.16953 0.1691  0.16863 0.16831 0.16799 0.16749
  0.16717 0.16677 0.16635 0.16591 0.16546 0.16494 0.16462 0.16422 0.16379
  0.16326 0.16283 0.16249 0.16196 0.16146 0.16098 0.16059 0.16019 0.15966
  0.15924 0.1588  0.15834 0.15781 0.15748 0.15679 0.15643 0.15586 0.15548
  0.15493 0.15447 0.15394 0.15365 0.15286 0.15262 0.15204 0.15171 0.15108
  0.15065 0.15011 0.14966 0.14905 0.14849 0.148   0.14757 0.14713 0.14647
  0.14602 0.14563 0.14505 0.14458 0.14409 0.14363 0.14306 0.14265 0.14208
  0.14143 0.14102 0.14051 0.13994 0.13939 0.13891 0.13835 0.13777 0.13729
  0.13687 0.13634 0.13581 0.13538 0.13471 0.13427 0.13369 0.13318 0.13262
  0.13212 0.13148 0.13095 0.13048 0.13014 0.12954 0.12886 0.12853 0.12792
  0.12735 0.12678 0.12633 0.1258  0.12526 0.1248  0.12432 0.12383 0.12321
  0.1227  0.12216 0.12154 0.12127 0.12062 0.12012 0.11957 0.11904 0.11849
  0.11797 0.11754 0.11688 0.11645 0.11604 0.1154  0.11507 0.11438 0.11396
  0.11341 0.11291 0.11257 0.11191 0.11141 0.111   0.11048 0.10996 0.10949
  0.10906 0.10858 0.1082  0.10766 0.10726 0.10661 0.10621 0.10574 0.10543
  0.10491 0.10455 0.10403 0.10351 0.10323 0.10264 0.10234 0.10187 0.10149
  0.1011  0.10071 0.10025 0.09988 0.09956 0.09927 0.09886 0.0985  0.09803
  0.09784 0.09733 0.09702 0.09676 0.09632 0.09607 0.09589 0.09556 0.09526
  0.09504 0.09471 0.09451 0.0942  0.09393 0.09374 0.09358 0.09326 0.09302
  0.0929  0.09271 0.09242 0.09241 0.09224 0.09209 0.09192 0.09185 0.09168
  0.09158 0.09146 0.09134 0.09136 0.09119 0.0912  0.09121 0.09106 0.09113
  0.0911  0.09101 0.09105 0.09112 0.09116 0.09129 0.09136 0.09129 0.09145
  0.09145 0.0916  0.09165 0.09174 0.09188 0.09199 0.09213 0.09233 0.09257
  0.09269 0.0929  0.09319 0.09334 0.09363 0.0939  0.09417 0.09442 0.09467
  0.09496 0.09521 0.09554 0.09582 0.09614 0.09643 0.09678 0.09712 0.09744
  0.09781 0.09808 0.09847 0.09892 0.0992  0.09963 0.10003 0.10044 0.1008
  0.10129 0.10179 0.10215 0.10249 0.10295 0.10331 0.10378 0.10418 0.10466
  0.10507 0.10567 0.10605 0.10648 0.10704 0.10748 0.10797 0.10855 0.10895
  0.10949 0.10997 0.11042 0.11104 0.11138 0.11192 0.1125  0.113   0.11345
  0.11407 0.11448 0.11503 0.11549 0.11603 0.11659 0.11706 0.11749 0.11814
  0.11855 0.11915 0.11957 0.12019 0.12062 0.12112 0.12174 0.12217 0.12268
  0.12316 0.12365 0.12417 0.1246  0.12514 0.12568 0.1261  0.12661 0.12721
  0.12765 0.12813 0.12856 0.12909 0.12955 0.13002 0.13043 0.13087 0.13146
  0.13189 0.1323  0.13273 0.13318 0.13372 0.13414 0.13447 0.13505 0.13544
  0.1358  0.13619 0.13658 0.13701 0.13744 0.1379  0.13827 0.13864 0.1391
  0.13951 0.13976 0.14026 0.14063 0.14102 0.14134 0.14176 0.14206 0.14242
  0.14274 0.14303 0.14345 0.14369 0.14405 0.14436 0.14469 0.14506 0.14546
  0.1456  0.146   0.14632 0.14656 0.14683 0.14712 0.14727 0.14755 0.14795
  0.14815 0.14844 0.14866 0.14875 0.14915 0.14924 0.14961 0.14987 0.14992
  0.15024 0.15047 0.1507  0.15085 0.15099 0.15117 0.1514  0.15156 0.15169
  0.15196 0.15198 0.15216 0.15238 0.15253 0.15276 0.15267 0.15284 0.15301
  0.15322 0.15321 0.15333 0.15347 0.15355 0.15362 0.15373 0.1538  0.15392
  0.15404 0.154   0.15411 0.1541  0.15425 0.1543  0.15434 0.15437 0.15442
  0.15441 0.15449 0.15447 0.15458 0.15452 0.15465 0.15458 0.15463 0.15457
  0.15463 0.15448 0.15457 0.15457 0.15453 0.15452 0.15447 0.15443 0.15448
  0.15446 0.15425 0.15421 0.15436 0.15417 0.15407 0.15401 0.15406 0.15386
  0.15379 0.15377 0.15368 0.1536  0.15354 0.1534  0.15326 0.15314 0.15307
  0.15299 0.15279]
 [0.04104 0.04093 0.04081 0.0407  0.04062 0.04054 0.04055 0.04063 0.04074
  0.04073 0.04081 0.04095 0.04104 0.04119 0.04129 0.04151 0.04166 0.04189
  0.04198 0.04221 0.04239 0.0425  0.04272 0.04295 0.04311 0.04328 0.04347
  0.0437  0.04386 0.04402 0.04427 0.04441 0.04461 0.0449  0.04506 0.04521
  0.04538 0.04557 0.04571 0.04587 0.04607 0.0462  0.04637 0.04655 0.04665
  0.04683 0.04692 0.04705 0.0471  0.04728 0.04746 0.04749 0.04758 0.04767
  0.04777 0.04787 0.04788 0.04803 0.04809 0.04815 0.04817 0.04826 0.04839
  0.04843 0.04843 0.04855 0.04852 0.04862 0.04861 0.04868 0.04877 0.0488
  0.0488  0.04891 0.04897 0.04897 0.04907 0.04912 0.04919 0.04927 0.0493
  0.04934 0.04942 0.04955 0.04958 0.04975 0.04978 0.04989 0.05001 0.05018
  0.05025 0.05045 0.05055 0.05078 0.0509  0.05112 0.05142 0.05163 0.05186
  0.05216 0.0524  0.05264 0.05307 0.05336 0.05369 0.0541  0.05449 0.0549
  0.05533 0.05585 0.05631 0.05688 0.05738 0.05792 0.0585  0.05911 0.05972
  0.06047 0.06114 0.06183 0.06259 0.06336 0.06417 0.06493 0.06586 0.06662
  0.06759 0.06849 0.06939 0.07034 0.07127 0.07229 0.07333 0.07431 0.07538
  0.07645 0.07755 0.07866 0.07973 0.08088 0.08202 0.08315 0.08422 0.08545
  0.08654 0.08775 0.08896 0.09013 0.09136 0.09254 0.09372 0.0948  0.09611
  0.09733 0.09857 0.09975 0.1009  0.10203 0.10323 0.10438 0.10556 0.10675
  0.10787 0.10906 0.11017 0.11126 0.11241 0.11346 0.11455 0.11568 0.11664
  0.11767 0.1187  0.11972 0.12064 0.12165 0.12259 0.12355 0.12439 0.12529
  0.1262  0.12701 0.12784 0.12864 0.12932 0.13019 0.13087 0.13162 0.13225
  0.13299 0.13368 0.13417 0.1348  0.13538 0.136   0.13648 0.13708 0.13754
  0.13795 0.1384  0.13884 0.13917 0.1396  0.13999 0.14023 0.14057 0.14097
  0.14114 0.14141 0.14165 0.14179 0.14202 0.14224 0.14244 0.14256 0.14275
  0.14286 0.14301 0.14301 0.14314 0.14318 0.1431  0.14331 0.14324 0.1433
  0.14328 0.14322 0.14323 0.1432  0.14298 0.143   0.14295 0.14285 0.1428
  0.14268 0.1425  0.14244 0.1423  0.14216 0.14193 0.14194 0.14177 0.1416
  0.14139 0.14131 0.14105 0.14089 0.14069 0.14054 0.14024 0.14005 0.1399
  0.13973 0.13947 0.13922 0.13898 0.13879 0.13856 0.13838 0.13815 0.13797
  0.13764 0.13749 0.13723 0.13691 0.13674 0.13644 0.13632 0.13592 0.13575
  0.13561 0.13525 0.13502 0.13475 0.13446 0.13413 0.13398 0.1337  0.13353
  0.13318 0.13285 0.13267 0.13226 0.1322  0.13186 0.13153 0.13131 0.13097
  0.13068 0.13035 0.13008 0.1299  0.12954 0.12923 0.12884 0.12865 0.12835
  0.128   0.12773 0.12743 0.12711 0.12677 0.12639 0.12616 0.12585 0.12547
  0.12514 0.12491 0.12454 0.12435 0.12401 0.12365 0.12333 0.12308 0.12266
  0.12247 0.122   0.1217  0.12142 0.12115 0.12072 0.12047 0.12018 0.11982
  0.1195  0.11924 0.11894 0.11865 0.11827 0.11805 0.1178  0.11755 0.11734
  0.11702 0.11679 0.11655 0.1164  0.11612 0.11594 0.1158  0.11556 0.11534
  0.11527 0.11512 0.11491 0.1149  0.11471 0.1145  0.11456 0.11451 0.11438
  0.11433 0.11428 0.11417 0.11441 0.11447 0.1143  0.11455 0.11466 0.11467
  0.1148  0.11494 0.11516 0.1153  0.11551 0.1157  0.11591 0.11627 0.11659
  0.11686 0.1171  0.1175  0.11782 0.11817 0.11858 0.11897 0.11943 0.11994
  0.12044 0.12095 0.12139 0.12189 0.12256 0.12311 0.12368 0.12429 0.12497
  0.12556 0.12623 0.12682 0.12759 0.12824 0.1289  0.12978 0.13033 0.1311
  0.13195 0.13284 0.13346 0.13427 0.13513 0.13585 0.13676 0.13764 0.13846
  0.13928 0.14004 0.14092 0.14195 0.14269 0.14364 0.14449 0.14523 0.14622
  0.14703 0.14792 0.14879 0.14975 0.15053 0.15153 0.15243 0.15321 0.15402
  0.15499 0.15579 0.15668 0.15761 0.15841 0.15921 0.16002 0.16087 0.16171
  0.16249 0.16338 0.16414 0.16503 0.16579 0.16652 0.16737 0.16802 0.16869
  0.16943 0.17031 0.17083 0.17167 0.17226 0.17304 0.17361 0.17438 0.17495
  0.17553 0.17624 0.17687 0.17747 0.17794 0.17854 0.1791  0.17959 0.18013
  0.18067 0.1812  0.18151 0.18221 0.18254 0.183   0.18345 0.18385 0.18425
  0.18467 0.18496 0.18534 0.18572 0.18613 0.18631 0.18661 0.18696 0.18726
  0.18748 0.18768 0.18797 0.18822 0.18841 0.1887  0.18872 0.18897 0.18913
  0.18939 0.18943 0.18954 0.1896  0.18975 0.18983 0.18983 0.18996 0.18997
  0.19012 0.18996 0.19003 0.19008 0.19002 0.18996 0.18994 0.18991 0.18984
  0.18968 0.18977 0.18974 0.18954 0.18938 0.18933 0.18921 0.18901 0.18905
  0.18879 0.18863 0.18851 0.18831 0.18812 0.18785 0.18769 0.18743 0.18723
  0.18697 0.1867  0.18657 0.18625 0.186   0.18575 0.18545 0.18513 0.18487
  0.18446 0.18428 0.18386 0.18367 0.18332 0.18297 0.1826  0.1823  0.18189
  0.1816  0.18123 0.18078 0.18052 0.18009 0.17976 0.1792  0.179   0.17856
  0.17812 0.1777  0.17735 0.17685 0.1764  0.17602 0.17562 0.17511 0.17469
  0.17437 0.17383 0.17331 0.17285 0.17238 0.17195 0.17135 0.17096 0.17052
  0.16998 0.16947 0.16893 0.16849 0.16798 0.16759 0.16702 0.16652 0.16597
  0.16555 0.16493 0.16444 0.16401 0.16345 0.16292 0.16249 0.16196 0.16142
  0.16081 0.16028 0.15973 0.15914 0.15864 0.15806 0.15757 0.15712 0.15641
  0.15598 0.15539 0.1548  0.15433 0.1537  0.15311 0.15262 0.15204 0.15142
  0.15084 0.15034 0.14979 0.14924 0.14858 0.14798 0.14737 0.14688 0.14625
  0.14575 0.14513 0.14447 0.14389 0.14331 0.14274 0.14223 0.14147 0.1409
  0.14034 0.13983 0.13916 0.13863 0.13796 0.13743 0.13676 0.13612 0.1356
  0.13498 0.13427 0.13377 0.13318 0.13264 0.13201 0.13145 0.13065 0.13009
  0.12948 0.12892 0.12832 0.12776 0.12716 0.12657 0.12596 0.12538 0.12469
  0.12421 0.12346 0.12301 0.12241 0.12169 0.12116 0.12061 0.11998 0.11945
  0.11868 0.1182  0.1176  0.11696 0.11648 0.11578 0.11533 0.11465 0.11406
  0.11352 0.11292 0.1124  0.1119  0.11125 0.11071 0.11032 0.10973 0.10918
  0.10857 0.10799 0.10757 0.10711 0.10661 0.10603 0.10559 0.10515 0.10461
  0.10407 0.10373 0.1032  0.10271 0.10234 0.10187 0.10133 0.101   0.1005
  0.10015 0.09966 0.09942 0.09896 0.09864 0.09829 0.09774 0.09749 0.09723
  0.09687 0.0965  0.09619 0.09589 0.09554 0.09522 0.09507 0.09483 0.09453
  0.09424 0.09409 0.09382 0.09379 0.09349 0.09338 0.09309 0.09298 0.09289
  0.09281 0.09263 0.09249 0.09244 0.09248 0.09241 0.0923  0.09224 0.09221
  0.09228 0.09218 0.09232 0.09237 0.0925  0.09248 0.09265 0.09269 0.09283
  0.09292 0.09301 0.09326 0.0934  0.09348 0.09371 0.09383 0.09426 0.09435
  0.09456 0.09483 0.09521 0.0955  0.09588 0.09612 0.09638 0.09671 0.09705
  0.09738 0.09779 0.09811 0.09857 0.09893 0.09936 0.09969 0.10014 0.10053
  0.10102 0.10138 0.10186 0.10235 0.10282 0.10331 0.10377 0.10426 0.10478
  0.10523 0.10581 0.10625 0.10672 0.1073  0.10777 0.10826 0.10885 0.10942
  0.10987 0.11046 0.11101 0.11159 0.11217 0.11269 0.11329 0.11388 0.11439
  0.11493 0.11562 0.11604 0.11676 0.11725 0.11783 0.11842 0.11902 0.11954
  0.1202  0.12088 0.12128 0.12188 0.12232 0.12303 0.12357 0.12416 0.12475
  0.12535 0.12588 0.12641 0.12698 0.1276  0.12802 0.12872 0.12924 0.12981
  0.1304  0.13092 0.13149 0.13206 0.1326  0.1331  0.13363 0.13412 0.13449
  0.13526 0.1357  0.1363  0.13666 0.1372  0.13772 0.13819 0.1388  0.13933
  0.13959 0.14015 0.14072 0.14115 0.14152 0.14206 0.14261 0.14301 0.14341
  0.14395 0.14432 0.14469 0.14513 0.14566 0.146   0.14643 0.14675 0.14725
  0.1476  0.14791 0.14842 0.1487  0.14917 0.14933 0.14979 0.15011 0.15036
  0.15079 0.15109 0.1515  0.15181 0.15206 0.15231 0.15277 0.15293 0.1532
  0.15352 0.15377 0.15413 0.15437 0.15448 0.1548  0.15513 0.1553  0.15549
  0.15581 0.15605 0.1562  0.15638 0.15663 0.15681 0.157   0.15722 0.15744
  0.15763 0.15778 0.15791 0.15791 0.15824 0.15825 0.15845 0.15861 0.15879
  0.15888 0.15894 0.15911 0.15922 0.15926 0.15946 0.15945 0.15963 0.15965
  0.15965 0.15986 0.15997 0.15992 0.16002 0.16004 0.1602  0.16008 0.16012
  0.16018 0.1602  0.16024 0.16038 0.16025 0.16028 0.16033 0.16036 0.16023
  0.16022 0.16028 0.16027 0.16026 0.16029 0.16014 0.16005 0.16    0.16013
  0.15997 0.16003 0.15988 0.15969 0.15968 0.15965 0.15956 0.15938 0.15933
  0.15923 0.1592  0.15911 0.1589  0.1589  0.15875 0.15867 0.15857 0.15853
  0.15836 0.15817 0.15798 0.15784 0.15767 0.15768 0.15748 0.15728 0.15707
  0.15694 0.15689 0.15666 0.15642 0.15617 0.15606 0.15586 0.1557  0.15544
  0.15532 0.15516 0.15494 0.15472 0.15454 0.15432 0.15419 0.15393 0.15366
  0.15345 0.15328 0.15301 0.15288 0.1526  0.15231 0.15221 0.15198 0.15166
  0.15129 0.15112 0.15085 0.15081 0.15038 0.15014 0.14991 0.14957 0.14931
  0.14907 0.1488 ]
 [0.04219 0.04212 0.04194 0.04193 0.04171 0.04165 0.0417  0.04174 0.04179
  0.04188 0.04192 0.04205 0.04218 0.04237 0.04254 0.04266 0.04287 0.04305
  0.04325 0.04346 0.04366 0.04379 0.04402 0.04429 0.04442 0.04463 0.04481
  0.04512 0.0453  0.04549 0.04573 0.04586 0.04609 0.04633 0.04653 0.04664
  0.0469  0.04703 0.0473  0.04751 0.04764 0.04778 0.04795 0.04809 0.04816
  0.04841 0.04863 0.04866 0.04887 0.04904 0.04906 0.04915 0.0493  0.04938
  0.04955 0.04965 0.04964 0.04973 0.0498  0.04993 0.05005 0.05005 0.05007
  0.05023 0.05026 0.0504  0.05044 0.05037 0.0504  0.05049 0.05045 0.05055
  0.05056 0.05059 0.05062 0.05066 0.0507  0.05075 0.05083 0.05081 0.0508
  0.05082 0.05087 0.051   0.05106 0.0511  0.0512  0.05126 0.05132 0.05146
  0.05147 0.05155 0.05168 0.05185 0.05198 0.05211 0.05223 0.05236 0.05257
  0.05279 0.053   0.05322 0.05342 0.05378 0.05399 0.05429 0.05463 0.0549
  0.05527 0.05571 0.05609 0.05656 0.05699 0.05735 0.05786 0.05844 0.05905
  0.05961 0.06013 0.06065 0.06139 0.06205 0.06277 0.0635  0.06423 0.06506
  0.06584 0.06665 0.06751 0.06843 0.06928 0.07023 0.07111 0.07213 0.07311
  0.07406 0.07506 0.07618 0.07723 0.07829 0.07938 0.08049 0.08157 0.08277
  0.08386 0.085   0.08615 0.08736 0.08852 0.08974 0.09081 0.09208 0.09335
  0.0944  0.09571 0.09684 0.09814 0.09942 0.10058 0.10179 0.10284 0.10418
  0.10537 0.10655 0.10776 0.10882 0.11003 0.11127 0.11242 0.11344 0.11462
  0.11569 0.11684 0.11787 0.11891 0.11999 0.12104 0.12211 0.1231  0.12404
  0.12506 0.12592 0.12685 0.12783 0.12864 0.12957 0.13043 0.13119 0.13207
  0.1329  0.13357 0.13441 0.13507 0.13574 0.1364  0.13699 0.13771 0.13824
  0.13895 0.13943 0.14004 0.14062 0.14101 0.14154 0.14188 0.14229 0.14278
  0.14314 0.14357 0.14393 0.14429 0.14459 0.14482 0.14519 0.14538 0.14554
  0.14574 0.14601 0.1462  0.14627 0.1465  0.14663 0.14681 0.14677 0.14691
  0.14699 0.14696 0.14711 0.14708 0.14704 0.14709 0.14707 0.14706 0.14697
  0.14691 0.1469  0.14684 0.14673 0.14664 0.14656 0.1464  0.14627 0.14625
  0.14598 0.14583 0.14583 0.14561 0.14555 0.14525 0.14505 0.14488 0.14469
  0.14445 0.14429 0.1441  0.14395 0.14366 0.14346 0.14322 0.14305 0.1428
  0.14258 0.14222 0.14207 0.14183 0.14153 0.14133 0.14115 0.14089 0.14053
  0.14026 0.14013 0.13972 0.13942 0.13923 0.13893 0.13868 0.1385  0.13809
  0.13781 0.13754 0.13729 0.13691 0.13665 0.13643 0.13605 0.13579 0.13551
  0.13523 0.13501 0.13461 0.13437 0.13403 0.13365 0.13349 0.13305 0.13281
  0.13241 0.13217 0.13175 0.1314  0.13114 0.13079 0.13048 0.1301  0.12975
  0.12947 0.12905 0.12878 0.12839 0.12805 0.12767 0.12743 0.12704 0.12664
  0.12629 0.12598 0.12567 0.12519 0.12487 0.12458 0.12419 0.12383 0.1235
  0.12313 0.1228  0.12248 0.12215 0.12177 0.12133 0.12095 0.12076 0.12025
  0.12002 0.11959 0.11939 0.119   0.11874 0.11834 0.11798 0.1178  0.11743
  0.11719 0.11681 0.11654 0.11635 0.11607 0.11581 0.1155  0.1153  0.11509
  0.11488 0.11473 0.11455 0.1144  0.1141  0.11408 0.11388 0.11368 0.11368
  0.11344 0.11348 0.11343 0.11337 0.11343 0.1133  0.11322 0.11327 0.11326
  0.11351 0.11345 0.11363 0.11371 0.11381 0.11406 0.11407 0.11436 0.1146
  0.11476 0.11494 0.11529 0.11553 0.11584 0.11624 0.11652 0.11696 0.11737
  0.11778 0.11816 0.11868 0.11903 0.11954 0.12001 0.12058 0.12104 0.12169
  0.12224 0.12273 0.12332 0.12398 0.12457 0.12522 0.1259  0.12665 0.12721
  0.12791 0.1287  0.12955 0.13012 0.13089 0.13172 0.13243 0.13325 0.13392
  0.13482 0.1356  0.13641 0.13722 0.13819 0.13889 0.1397  0.14058 0.14149
  0.14231 0.14306 0.14401 0.14474 0.14573 0.14645 0.14725 0.14806 0.14909
  0.14997 0.15069 0.15166 0.15252 0.1533  0.15411 0.15493 0.15578 0.15663
  0.15751 0.15831 0.15917 0.15997 0.16077 0.16158 0.1624  0.16308 0.16389
  0.16461 0.1653  0.16613 0.16669 0.16746 0.1683  0.16904 0.16957 0.17035
  0.17099 0.17168 0.17237 0.17301 0.17351 0.17423 0.17472 0.17546 0.17602
  0.1766  0.17709 0.17768 0.17827 0.17873 0.17921 0.17966 0.18021 0.18062
  0.18111 0.18164 0.18192 0.18238 0.18279 0.18312 0.18356 0.18391 0.18426
  0.18458 0.18481 0.18524 0.18553 0.18593 0.18609 0.18648 0.1866  0.18684
  0.18707 0.18737 0.18751 0.18765 0.18793 0.18801 0.18828 0.18825 0.18848
  0.18867 0.18854 0.18871 0.1888  0.1889  0.18895 0.1889  0.18908 0.18911
  0.18916 0.18905 0.18904 0.18903 0.18913 0.18885 0.18888 0.18886 0.1888
  0.18866 0.18854 0.1886  0.18851 0.18829 0.18819 0.18804 0.18788 0.18782
  0.18757 0.18741 0.18716 0.18713 0.18683 0.18669 0.18648 0.18622 0.18595
  0.1857  0.18552 0.18524 0.18514 0.18471 0.18449 0.18427 0.18405 0.18367
  0.1834  0.18317 0.18279 0.18245 0.18219 0.18178 0.18149 0.18106 0.18086
  0.18049 0.18018 0.17978 0.17945 0.17903 0.17861 0.1782  0.17792 0.17748
  0.17713 0.17672 0.17624 0.17589 0.17557 0.17502 0.17467 0.1742  0.17371
  0.17337 0.17299 0.17243 0.17206 0.17151 0.17104 0.17057 0.17015 0.16976
  0.16923 0.16876 0.1683  0.16788 0.16745 0.16689 0.16642 0.1659  0.16553
  0.16489 0.16442 0.16386 0.16338 0.163   0.16247 0.16186 0.16157 0.16097
  0.16041 0.15979 0.15953 0.15888 0.15843 0.1578  0.15731 0.15683 0.15615
  0.15556 0.15512 0.15465 0.15398 0.15344 0.15295 0.15237 0.15182 0.15119
  0.15069 0.15026 0.14955 0.14902 0.14848 0.1479  0.14741 0.14693 0.14631
  0.14571 0.14507 0.14458 0.14406 0.14339 0.14302 0.14241 0.14181 0.14112
  0.1406  0.1399  0.13933 0.13884 0.13821 0.13765 0.13705 0.13632 0.13598
  0.13523 0.13463 0.13417 0.13361 0.13293 0.13246 0.13185 0.13115 0.13068
  0.1301  0.12943 0.12886 0.12815 0.12767 0.12719 0.12645 0.12595 0.12534
  0.1247  0.12408 0.12358 0.12293 0.12244 0.12169 0.12115 0.12059 0.11997
  0.11939 0.11887 0.11819 0.11768 0.11716 0.11649 0.11599 0.11541 0.11489
  0.11434 0.11376 0.11308 0.11252 0.11202 0.11144 0.11082 0.11035 0.10979
  0.10927 0.1087  0.10823 0.1078  0.10726 0.10655 0.1061  0.10575 0.10522
  0.10456 0.10418 0.1037  0.10316 0.10275 0.10227 0.10189 0.10139 0.10088
  0.1004  0.10004 0.09959 0.09922 0.09875 0.09844 0.098   0.09764 0.0972
  0.09687 0.09663 0.09623 0.09587 0.09543 0.09512 0.09476 0.09456 0.0943
  0.09397 0.09355 0.0934  0.09314 0.09281 0.09269 0.09241 0.0922  0.09199
  0.09184 0.09167 0.09154 0.09127 0.09122 0.0911  0.09095 0.09072 0.09069
  0.09059 0.09066 0.09058 0.09055 0.09048 0.09044 0.09034 0.09036 0.09049
  0.09053 0.09067 0.09065 0.09068 0.09094 0.09088 0.09104 0.09114 0.09142
  0.09145 0.09169 0.09178 0.09204 0.09229 0.09239 0.0927  0.09279 0.09326
  0.09333 0.09356 0.09383 0.09414 0.09447 0.09477 0.09507 0.09534 0.09576
  0.09612 0.09654 0.09684 0.09725 0.09761 0.09811 0.09859 0.09889 0.09925
  0.09962 0.10009 0.1005  0.10102 0.10139 0.10191 0.10235 0.10279 0.10323
  0.10375 0.1043  0.10481 0.10525 0.10571 0.10625 0.10681 0.10726 0.10778
  0.1083  0.10893 0.10944 0.11004 0.1105  0.11102 0.11157 0.11215 0.11257
  0.11319 0.11362 0.1143  0.1148  0.11534 0.11599 0.11651 0.11701 0.11762
  0.11797 0.11876 0.11919 0.11983 0.12029 0.12098 0.12143 0.122   0.12256
  0.12305 0.12353 0.12412 0.12461 0.12523 0.12572 0.12628 0.12679 0.12735
  0.12784 0.1283  0.12889 0.12934 0.12987 0.13053 0.13081 0.13144 0.13182
  0.13251 0.133   0.13346 0.13392 0.13448 0.13497 0.13542 0.13586 0.1364
  0.13673 0.13723 0.13768 0.13831 0.13858 0.139   0.13945 0.13998 0.14035
  0.14085 0.14129 0.14161 0.14208 0.1425  0.1428  0.14327 0.14353 0.14399
  0.14447 0.14472 0.14511 0.14546 0.14589 0.14615 0.14664 0.14683 0.14724
  0.14761 0.14791 0.14818 0.14848 0.14876 0.14899 0.14929 0.14971 0.14987
  0.15026 0.15056 0.15083 0.15103 0.15121 0.15161 0.15179 0.15207 0.15222
  0.15247 0.15274 0.15297 0.1532  0.15345 0.15365 0.154   0.15409 0.15424
  0.15439 0.15462 0.15494 0.15497 0.15512 0.1552  0.15532 0.15564 0.1557
  0.15584 0.15591 0.15607 0.15626 0.15644 0.15645 0.15656 0.15662 0.15672
  0.15683 0.15685 0.15702 0.15713 0.15714 0.15734 0.15726 0.15732 0.15739
  0.15741 0.15743 0.15751 0.15755 0.15759 0.15763 0.1576  0.15777 0.15766
  0.15759 0.15766 0.15768 0.15772 0.1577  0.15764 0.15763 0.15758 0.15759
  0.15755 0.15748 0.15744 0.1573  0.15726 0.1573  0.1572  0.15712 0.15708
  0.15707 0.15691 0.15685 0.15671 0.15673 0.1564  0.1565  0.1564  0.15634
  0.15631 0.1561  0.15607 0.15586 0.15571 0.15569 0.15554 0.15544 0.15529
  0.15504 0.15489 0.15484 0.15475 0.15456 0.15445 0.15426 0.1541  0.15386
  0.15372 0.15354]
 [0.03919 0.03908 0.03893 0.03886 0.03873 0.03866 0.03868 0.03879 0.03883
  0.03892 0.03898 0.03904 0.03923 0.03935 0.03955 0.03969 0.03982 0.03994
  0.04019 0.04027 0.04052 0.04068 0.0409  0.04106 0.04121 0.04142 0.0416
  0.04179 0.04197 0.04212 0.04236 0.04256 0.04269 0.04292 0.04309 0.04322
  0.04337 0.04362 0.0437  0.04387 0.04395 0.04415 0.04428 0.04445 0.04461
  0.04474 0.04486 0.04489 0.04513 0.04521 0.04528 0.04541 0.04555 0.04555
  0.04572 0.04579 0.04591 0.04595 0.04604 0.04607 0.04626 0.04635 0.04635
  0.04641 0.04656 0.04666 0.04673 0.04676 0.04686 0.04691 0.04707 0.04718
  0.04718 0.04733 0.04743 0.04766 0.04768 0.04782 0.04797 0.04812 0.04828
  0.04847 0.04867 0.04882 0.04905 0.04921 0.04949 0.04977 0.05006 0.05029
  0.05064 0.05091 0.05128 0.05163 0.05203 0.05243 0.05281 0.0533  0.05379
  0.05433 0.05474 0.05528 0.05586 0.05646 0.05708 0.05778 0.05837 0.05909
  0.05983 0.06049 0.0613  0.06218 0.06293 0.06379 0.06473 0.06563 0.0666
  0.06754 0.0685  0.06951 0.0705  0.07159 0.07261 0.07363 0.0748  0.07593
  0.077   0.07821 0.0792  0.08046 0.08161 0.08285 0.08405 0.08527 0.08644
  0.08766 0.08888 0.09012 0.0913  0.0926  0.0938  0.09504 0.0962  0.09752
  0.0987  0.09996 0.10105 0.10237 0.10359 0.10472 0.10589 0.10697 0.10816
  0.10935 0.11044 0.11156 0.11258 0.11372 0.11477 0.11581 0.11692 0.11783
  0.11874 0.11977 0.12069 0.12162 0.12245 0.12329 0.12416 0.12485 0.1258
  0.12652 0.12726 0.12798 0.12873 0.12928 0.12998 0.13063 0.13121 0.13175
  0.13236 0.13278 0.13329 0.1338  0.13426 0.13471 0.13502 0.13536 0.13581
  0.13614 0.13635 0.13666 0.13693 0.13721 0.13745 0.13762 0.1378  0.13801
  0.13814 0.13828 0.13842 0.13851 0.13855 0.13862 0.13865 0.13869 0.13872
  0.13866 0.1387  0.13882 0.13882 0.13871 0.1386  0.13857 0.1385  0.13844
  0.13837 0.13824 0.1381  0.138   0.13785 0.13778 0.1376  0.13752 0.13737
  0.1373  0.13708 0.13698 0.13675 0.1366  0.13646 0.13616 0.13606 0.1359
  0.13575 0.13561 0.13539 0.13518 0.13507 0.13484 0.13471 0.13447 0.13422
  0.13406 0.13388 0.13366 0.13354 0.13324 0.13308 0.13287 0.13265 0.13241
  0.13224 0.13202 0.13176 0.13156 0.1314  0.13119 0.13091 0.13077 0.13053
  0.13031 0.12999 0.12984 0.12966 0.12937 0.12916 0.12902 0.12867 0.12854
  0.12816 0.12796 0.12771 0.12746 0.12723 0.12696 0.12669 0.12652 0.12628
  0.12604 0.12564 0.12548 0.12519 0.12499 0.12475 0.12445 0.12415 0.12391
  0.12373 0.12345 0.12314 0.12291 0.12267 0.12235 0.12224 0.12196 0.12163
  0.12136 0.12126 0.12097 0.12092 0.12058 0.12029 0.12016 0.12003 0.11978
  0.11971 0.11953 0.1193  0.11919 0.11903 0.11901 0.11889 0.11866 0.11859
  0.11856 0.11852 0.11835 0.11841 0.11838 0.11838 0.11844 0.11858 0.11861
  0.11867 0.11884 0.1189  0.11903 0.11917 0.11934 0.11959 0.11981 0.12023
  0.12034 0.12064 0.12094 0.12132 0.12163 0.12201 0.12247 0.12285 0.12328
  0.12385 0.12432 0.12477 0.12535 0.12589 0.12652 0.12713 0.12775 0.12835
  0.12905 0.12968 0.13043 0.13113 0.13171 0.13267 0.1333  0.13412 0.13499
  0.13584 0.1366  0.13748 0.13839 0.1392  0.14017 0.14105 0.14193 0.14287
  0.14381 0.14469 0.14562 0.14663 0.14754 0.14857 0.14946 0.15041 0.15146
  0.15245 0.1534  0.15433 0.15523 0.15626 0.15731 0.15821 0.15915 0.16019
  0.16115 0.16201 0.16306 0.16405 0.1649  0.16592 0.16665 0.16757 0.16852
  0.16938 0.17032 0.1712  0.17206 0.1728  0.17367 0.1745  0.17524 0.17609
  0.17696 0.17758 0.17843 0.17919 0.17984 0.1806  0.18127 0.18191 0.18272
  0.18327 0.18394 0.1845  0.18507 0.18574 0.18624 0.18673 0.18734 0.18791
  0.1884  0.18885 0.18928 0.18976 0.19012 0.19067 0.19109 0.1914  0.19164
  0.19198 0.19243 0.19274 0.19297 0.19333 0.1935  0.19391 0.19405 0.19416
  0.19449 0.19454 0.19486 0.19484 0.19509 0.19524 0.19522 0.19534 0.19542
  0.19555 0.19565 0.19557 0.19554 0.19549 0.19568 0.19556 0.19554 0.1955
  0.19537 0.19529 0.19514 0.19516 0.19498 0.19486 0.19485 0.1945  0.19436
  0.19426 0.19419 0.19382 0.19371 0.19343 0.19322 0.19291 0.19272 0.19256
  0.19216 0.19185 0.19162 0.19137 0.19099 0.19081 0.19037 0.19008 0.18974
  0.18922 0.18905 0.18874 0.18832 0.18794 0.1875  0.18712 0.18672 0.18624
  0.18579 0.18547 0.18496 0.18468 0.18409 0.18365 0.18335 0.1829  0.1823
  0.18176 0.18144 0.18083 0.1804  0.17985 0.17945 0.17877 0.17841 0.17779
  0.17726 0.17686 0.17629 0.17577 0.17522 0.17466 0.1741  0.17359 0.17296
  0.17246 0.1719  0.17145 0.17084 0.17026 0.16962 0.16913 0.16848 0.1678
  0.16733 0.16667 0.16612 0.16554 0.1651  0.16431 0.16367 0.16311 0.16243
  0.16186 0.16127 0.16069 0.15998 0.15934 0.15875 0.15819 0.15747 0.15691
  0.15633 0.15575 0.15509 0.15441 0.15372 0.15307 0.15246 0.1518  0.15113
  0.15053 0.14992 0.14931 0.14857 0.14802 0.14722 0.14668 0.14591 0.14523
  0.1446  0.14401 0.14335 0.14266 0.14193 0.14121 0.14055 0.13991 0.1392
  0.13859 0.13782 0.13717 0.13656 0.13588 0.13533 0.13457 0.13394 0.13321
  0.13256 0.13179 0.13122 0.13051 0.12983 0.12919 0.1285  0.1278  0.12721
  0.12645 0.12585 0.12526 0.12451 0.12392 0.1233  0.1226  0.12197 0.12132
  0.12056 0.1199  0.11935 0.11866 0.11806 0.11749 0.11689 0.11618 0.11555
  0.11497 0.11441 0.11381 0.11324 0.11258 0.11203 0.11142 0.11094 0.11026
  0.10981 0.10921 0.10865 0.10813 0.10763 0.10701 0.10667 0.10605 0.10564
  0.10512 0.1047  0.10429 0.10376 0.10334 0.10293 0.10253 0.10211 0.10169
  0.10135 0.10099 0.10074 0.10028 0.09989 0.09966 0.09937 0.09906 0.09876
  0.09849 0.09837 0.09814 0.09786 0.09776 0.09749 0.09732 0.09719 0.09705
  0.09705 0.0969  0.09682 0.09679 0.09671 0.0967  0.09662 0.09676 0.09679
  0.09679 0.09681 0.09708 0.09701 0.09719 0.0973  0.09736 0.09755 0.09777
  0.09804 0.09819 0.09843 0.09857 0.09882 0.09919 0.09945 0.0998  0.10009
  0.10041 0.10083 0.1011  0.10157 0.10188 0.10225 0.10264 0.10316 0.10358
  0.10415 0.10454 0.10503 0.10554 0.10599 0.10657 0.10702 0.10762 0.10797
  0.10863 0.10918 0.1097  0.11029 0.11094 0.11159 0.1121  0.11274 0.11343
  0.11391 0.11457 0.11527 0.11578 0.11649 0.117   0.11775 0.11841 0.11898
  0.11959 0.12029 0.12096 0.1216  0.12226 0.12279 0.12363 0.12423 0.12485
  0.12554 0.12616 0.12681 0.1276  0.12819 0.12883 0.12949 0.13021 0.13075
  0.1314  0.1321  0.13274 0.13337 0.13401 0.13476 0.13521 0.13584 0.13661
  0.13726 0.13772 0.13831 0.13902 0.13963 0.14029 0.14075 0.14139 0.14197
  0.14262 0.14316 0.14372 0.1443  0.14482 0.14539 0.146   0.14651 0.14703
  0.14758 0.14808 0.14854 0.14907 0.14956 0.15009 0.15046 0.15104 0.15149
  0.15188 0.1525  0.15292 0.15328 0.15374 0.15428 0.15454 0.15497 0.15538
  0.15579 0.15618 0.15657 0.15694 0.15734 0.1577  0.15807 0.1584  0.15881
  0.15909 0.15937 0.15966 0.16    0.16029 0.16048 0.16088 0.16114 0.16146
  0.16165 0.16194 0.16208 0.1624  0.1626  0.16286 0.16317 0.16328 0.16353
  0.1636  0.16387 0.16397 0.16424 0.1645  0.1646  0.16473 0.1649  0.16492
  0.16516 0.16525 0.16537 0.1655  0.1656  0.16563 0.16572 0.16577 0.16599
  0.16602 0.16612 0.1662  0.16616 0.16622 0.16624 0.16637 0.16633 0.16642
  0.16639 0.16638 0.16637 0.16641 0.1665  0.16635 0.16634 0.16643 0.1663
  0.16629 0.16632 0.16614 0.16611 0.16605 0.16591 0.16598 0.16579 0.16578
  0.1656  0.16551 0.1654  0.16544 0.16532 0.16513 0.16509 0.16491 0.16478
  0.16466 0.16465 0.16433 0.16426 0.16397 0.16398 0.16378 0.16354 0.16341
  0.16331 0.16314 0.16283 0.16268 0.16255 0.16229 0.16208 0.16189 0.16176
  0.16151 0.16124 0.1611  0.16081 0.1606  0.1604  0.16017 0.15987 0.15969
  0.15939 0.15912 0.15887 0.15867 0.15834 0.15809 0.15785 0.1576  0.15725
  0.15702 0.1567  0.15653 0.15615 0.1559  0.15552 0.15517 0.15497 0.15458
  0.15423 0.15397 0.15365 0.15335 0.15291 0.15264 0.15233 0.15202 0.15172
  0.15124 0.151   0.15065 0.15029 0.14991 0.1496  0.14921 0.14886 0.14855
  0.14811 0.14785 0.14744 0.14709 0.14665 0.14635 0.146   0.14552 0.1452
  0.14476 0.14445 0.14395 0.14355 0.14323 0.1428  0.14244 0.14197 0.14162
  0.14128 0.14078 0.14041 0.14    0.13959 0.13924 0.13873 0.13834 0.13792
  0.13752 0.1371  0.1367  0.13618 0.13577 0.13546 0.13489 0.13452 0.13401
  0.13349 0.13318 0.13271 0.13221 0.13175 0.13135 0.13094 0.13042 0.12997
  0.12961 0.1292  0.12866 0.12814 0.12769 0.12725 0.12689 0.12628 0.12589
  0.1254  0.12495 0.12442 0.124   0.12358 0.12311 0.12266 0.12207 0.12171
  0.12119 0.12076 0.12026 0.11977 0.11934 0.1188  0.11832 0.11793 0.1174
  0.11688 0.11638]]
Mean: 0.12695, Std Dev: 0.03979
