[[0.02338 0.02339 0.02458 0.02475 0.02503 0.02378 0.02468 0.02419 0.02541
  0.02441 0.0248  0.02481 0.02488 0.02424 0.0241  0.02501 0.02509 0.0241
  0.02491 0.02459 0.02434 0.02345 0.02405 0.0235  0.02315 0.0238  0.02391
  0.02357 0.0242  0.02491 0.02367 0.02349 0.02292 0.02388 0.02253 0.02327
  0.02247 0.02372 0.02265 0.02278 0.02281 0.02396 0.02316 0.0227  0.0231
  0.02202 0.02264 0.02287 0.0218  0.02281 0.02236 0.02248 0.02234 0.02284
  0.0228  0.02313 0.02214 0.02188 0.0225  0.02203 0.02202 0.02322 0.02294
  0.02271 0.02293 0.02291 0.02407 0.02278 0.02359 0.02265 0.02285 0.02331
  0.02191 0.02326 0.02276 0.02258 0.02258 0.02284 0.02259 0.02338 0.02254
  0.02239 0.02353 0.02338 0.02245 0.02243 0.02318 0.02275 0.0227  0.02316
  0.02299 0.02294 0.02332 0.02406 0.02237 0.02328 0.02259 0.02357 0.02344
  0.02372 0.02319 0.02353 0.02419 0.02329 0.02378 0.02376 0.02368 0.02366
  0.02397 0.02459 0.02435 0.02417 0.02478 0.02444 0.02452 0.02404 0.02485
  0.02518 0.02621 0.02566 0.02647 0.02541 0.02573 0.02587 0.02564 0.02651
  0.02664 0.02553 0.02614 0.0267  0.02814 0.02702 0.02666 0.02695 0.02674
  0.02744 0.02667 0.02709 0.02813 0.02751 0.02774 0.02832 0.02872 0.02802
  0.02969 0.02849 0.02981 0.0285  0.02932 0.02998 0.02999 0.03022 0.03015
  0.03053 0.03134 0.03114 0.0319  0.03237 0.03276 0.03232 0.03282 0.03296
  0.03231 0.03293 0.03242 0.03374 0.0332  0.03361 0.03291 0.03431 0.03312
  0.03545 0.03453 0.03665 0.0353  0.03627 0.03573 0.03683 0.03652 0.03673
  0.03612 0.03774 0.03794 0.03812 0.0394  0.03821 0.03884 0.03894 0.04012
  0.04051 0.04052 0.04152 0.0413  0.04212 0.04152 0.04172 0.04306 0.04201
  0.04342 0.04319 0.0441  0.04312 0.04385 0.04445 0.04327 0.04452 0.04411
  0.04446 0.04491 0.04532 0.04552 0.04516 0.04595 0.04577 0.04533 0.04558
  0.04679 0.04636 0.04611 0.04726 0.04771 0.04729 0.04777 0.04845 0.04837
  0.04765 0.04786 0.04873 0.04979 0.04976 0.05019 0.04985 0.05044 0.05154
  0.05007 0.05053 0.05112 0.05157 0.0507  0.05152 0.05319 0.05266 0.05253
  0.05207 0.05202 0.05336 0.0528  0.05261 0.05274 0.05354 0.05311 0.0527
  0.05249 0.05203 0.05374 0.05233 0.05222 0.05256 0.05359 0.05396 0.05254
  0.05407 0.05358 0.05269 0.05312 0.05356 0.05332 0.05511 0.05476 0.05397
  0.05413 0.05492 0.0541  0.05458 0.05414 0.05429 0.05367 0.0551  0.05432
  0.05367 0.05336 0.05453 0.05311 0.05447 0.05455 0.05456 0.05437 0.05392
  0.05323 0.05416 0.05539 0.05452 0.05475 0.05439 0.05547 0.05517 0.05492
  0.05519 0.05408 0.05508 0.05502 0.05551 0.05458 0.05513 0.05596 0.05642
  0.05532 0.05723 0.0563  0.05741 0.05613 0.05576 0.05831 0.05624 0.05727
  0.05742 0.05631 0.05735 0.05819 0.05813 0.0579  0.05773 0.05724 0.05813
  0.05768 0.058   0.05773 0.05701 0.05845 0.05837 0.05726 0.05863 0.05822
  0.05794 0.05791 0.05718 0.05736 0.05708 0.05812 0.05783 0.05804 0.05847
  0.05844 0.05861 0.05787 0.05875 0.05811 0.05848 0.06038 0.05917 0.0597
  0.05915 0.05861 0.05826 0.05866 0.05839 0.05902 0.05856 0.05937 0.06013
  0.05868 0.06071 0.05996 0.05982 0.06002 0.05971 0.06085 0.05969 0.06019
  0.06044 0.06096 0.06041 0.06141 0.06092 0.06086 0.06078 0.05971 0.06221
  0.06138 0.0615  0.06123 0.06209 0.06122 0.06193 0.06138 0.06187 0.06239
  0.06283 0.06232 0.06147 0.06223 0.0627  0.06079 0.06224 0.0608  0.06213
  0.06104 0.06244 0.06147 0.06319 0.0632  0.06205 0.06273 0.06292 0.06337
  0.06184 0.0631  0.06227 0.06327 0.06336 0.0618  0.06418 0.06267 0.06349
  0.06275 0.06366 0.06341 0.06351 0.06367 0.06332 0.06257 0.06366 0.06282
  0.06433 0.06293 0.06493 0.06449 0.06377 0.06326 0.06308 0.06301 0.06315
  0.06442 0.06408 0.06426 0.0635  0.06382 0.06402 0.06424 0.06418 0.06536
  0.06434 0.06487 0.06478 0.06496 0.06482 0.06493 0.06572 0.06527 0.06525
  0.06566 0.066   0.06601 0.06605 0.06452 0.06622 0.06606 0.06664 0.06697
  0.06682 0.0664  0.06641 0.06672 0.06645 0.06571 0.06688 0.06754 0.06705
  0.06747 0.0669  0.06718 0.06695 0.06713 0.06802 0.06797 0.06638 0.06736
  0.06703 0.06716 0.06837 0.06687 0.0694  0.06914 0.06855 0.06784 0.0685
  0.06836 0.06796 0.06684 0.06782 0.06746 0.06881 0.0681  0.06924 0.06983
  0.06872 0.06806 0.06771 0.06796 0.06946 0.0686  0.06833 0.0685  0.06846
  0.06928 0.06976 0.06904 0.06792 0.06843 0.06887 0.06863 0.06893 0.06839
  0.06872 0.0697  0.06853 0.0687  0.06895 0.06901 0.06875 0.06905 0.07009
  0.06949 0.06977 0.06917 0.07024 0.06982 0.0686  0.07031 0.07031 0.07001
  0.07094 0.0702  0.07168 0.07093 0.06996 0.07173 0.0694  0.07137 0.07118
  0.07108 0.07138 0.07037 0.07043 0.07132 0.0711  0.07269 0.07102 0.07115
  0.07041 0.07067 0.07049 0.07095 0.07247 0.07185 0.07135 0.07265 0.07209
  0.07262 0.07341 0.07154 0.07177 0.0723  0.07243 0.0729  0.07075 0.07338
  0.07161 0.07225 0.07285 0.07219 0.07221 0.07352 0.07322 0.07218 0.07158
  0.07197 0.07249 0.07302 0.07405 0.0731  0.07292 0.07405 0.07303 0.073
  0.07389 0.07342 0.07377 0.07476 0.07426 0.07382 0.07336 0.07514 0.07553
  0.07446 0.07426 0.074   0.07603 0.07509 0.07426 0.07521 0.07497 0.07608
  0.07499 0.07606 0.07533 0.07553 0.07485 0.07606 0.07633 0.07512 0.07517
  0.07533 0.07518 0.07503 0.07578 0.07504 0.07591 0.07538 0.0766  0.07712
  0.07712 0.07727 0.0769  0.07509 0.07758 0.07625 0.07659 0.07589 0.07697
  0.07763 0.07713 0.07775 0.07739 0.07788 0.07788 0.07805 0.07817 0.07753
  0.07772 0.07774 0.07772 0.07696 0.0798  0.07807 0.07826 0.07785 0.07749
  0.0791  0.07974 0.07712 0.0782  0.07803 0.07825 0.07977 0.07813 0.07816
  0.07954 0.07946 0.07984 0.07952 0.07843 0.07982 0.0796  0.07948 0.08008
  0.08098 0.07958 0.07933 0.07939 0.07949 0.08099 0.08044 0.0806  0.08077
  0.08174 0.0807  0.08245 0.08191 0.08101 0.0817  0.08176 0.08148 0.08078
  0.08266 0.08066 0.08233 0.08344 0.08209 0.08301 0.08196 0.08478 0.08325
  0.0831  0.08198 0.08338 0.08337 0.08346 0.08297 0.08316 0.08373 0.0837
  0.08431 0.08363 0.08275 0.08401 0.08341 0.08324 0.08331 0.08397 0.0833
  0.08386 0.08225 0.08338 0.08338 0.0831  0.08317 0.08338 0.08371 0.08377
  0.0818  0.08253 0.0833  0.08313 0.08257 0.08235 0.08214 0.0828  0.08149
  0.08355 0.08215 0.0838  0.08247 0.08268 0.08288 0.08205 0.0837  0.08213
  0.08212 0.08138 0.08217 0.0816  0.08126 0.08146 0.08024 0.0814  0.08086
  0.08047 0.08106 0.08206 0.07937 0.08117 0.08098 0.0807  0.07997 0.07978
  0.08106 0.07931 0.08118 0.07962 0.07819 0.07947 0.07964 0.08017 0.07984
  0.0797  0.08005 0.07812 0.07973 0.07898 0.08026 0.07954 0.079   0.0798
  0.08096 0.0793  0.07964 0.08017 0.08011 0.07977 0.07892 0.07843 0.08004
  0.07909 0.07999 0.07913 0.07971 0.08051 0.07863 0.08024 0.07933 0.07902
  0.07961 0.07914 0.07903 0.08026 0.07956 0.07898 0.07922 0.07951 0.07996
  0.07982 0.07894 0.07911 0.08026 0.07942 0.07866 0.07915 0.08001 0.08013
  0.07972 0.07998 0.07962 0.07996 0.07959 0.08016 0.07851 0.07887 0.07981
  0.07993 0.07923 0.07991 0.07958 0.07924 0.08015 0.07934 0.07814 0.07946
  0.08    0.07944 0.08035 0.07953 0.07911 0.07958 0.08006 0.07902 0.08009
  0.07969 0.07987 0.07954 0.07943 0.07951 0.07896 0.08034 0.0804  0.0805
  0.07947 0.07988 0.08061 0.08119 0.08009 0.07988 0.07978 0.0792  0.08007
  0.08041 0.07833 0.078   0.0794  0.07877 0.07943 0.07913 0.07858 0.07877
  0.08094 0.08027 0.0805  0.08058 0.07823 0.08053 0.07949 0.08057 0.0799
  0.07866 0.07865 0.08034 0.0812  0.08066 0.07977 0.08026 0.08086 0.07995
  0.08039 0.08118 0.07996 0.0795  0.08017 0.08099 0.08049 0.08056 0.08057
  0.08127 0.07979 0.07952 0.07976 0.08128 0.08037 0.07828 0.07978 0.08157
  0.08016 0.08101 0.08109 0.07994 0.08028 0.07907 0.07948 0.08031 0.07936
  0.08047 0.07999 0.07947 0.07975 0.08024 0.08017 0.08023 0.08073 0.08077
  0.07989 0.08031 0.07937 0.08021 0.07926 0.0804  0.08088 0.07887 0.07984
  0.08    0.08031 0.08009 0.08019 0.07969 0.07945 0.07873 0.07968 0.0799
  0.08027 0.08004 0.07966 0.07954 0.07901 0.0806  0.07994 0.07867 0.07985
  0.0806  0.07861 0.08011 0.08006 0.07863 0.07854 0.0781  0.0794  0.07883
  0.08034 0.07996 0.07963 0.08007 0.08006 0.08104 0.07955 0.07868 0.07757
  0.07949 0.07899 0.07991 0.08055 0.07976 0.08039 0.08092 0.07907 0.08091
  0.08073 0.08028 0.07895 0.08083 0.08109 0.07902 0.0795  0.08016 0.08284
  0.0798  0.08119 0.08136 0.0809  0.08205 0.08145 0.08064 0.08011 0.082
  0.08135 0.08096 0.08095 0.08182 0.082   0.08157 0.08039 0.08048 0.08183
  0.08026 0.08156]
 [0.02318 0.02263 0.02317 0.02316 0.02258 0.0236  0.02324 0.02443 0.02375
  0.02345 0.02418 0.02324 0.02293 0.02319 0.02457 0.0235  0.0241  0.02412
  0.024   0.02443 0.02298 0.02386 0.02412 0.02249 0.023   0.02244 0.02273
  0.02224 0.02302 0.02326 0.02311 0.02294 0.02268 0.02283 0.02265 0.02266
  0.02331 0.02267 0.02172 0.02281 0.0227  0.02286 0.022   0.0224  0.02178
  0.02222 0.02235 0.02268 0.02284 0.02226 0.02398 0.02192 0.02312 0.02255
  0.02251 0.02187 0.02161 0.02153 0.02255 0.02295 0.02176 0.02293 0.02239
  0.02273 0.02214 0.02218 0.02334 0.02298 0.02314 0.0224  0.02334 0.02292
  0.02362 0.02325 0.0234  0.02367 0.0222  0.02226 0.02346 0.02298 0.02306
  0.0236  0.02311 0.02359 0.02349 0.02456 0.02385 0.02292 0.0233  0.0224
  0.02268 0.02326 0.02282 0.02384 0.02262 0.02257 0.02376 0.02304 0.02297
  0.02288 0.02367 0.02258 0.02285 0.02397 0.02292 0.02415 0.02393 0.02363
  0.02329 0.02309 0.02471 0.02388 0.02391 0.02374 0.02358 0.02402 0.02434
  0.02403 0.02354 0.02448 0.02433 0.02471 0.02455 0.02446 0.02428 0.02503
  0.02445 0.0232  0.02486 0.02476 0.02489 0.02356 0.02629 0.02489 0.02462
  0.02434 0.02493 0.02547 0.02538 0.02555 0.02462 0.02565 0.02592 0.02495
  0.02515 0.02593 0.0252  0.02441 0.02514 0.0247  0.02554 0.02437 0.02647
  0.02579 0.02526 0.02583 0.02598 0.02553 0.02388 0.02511 0.02595 0.02523
  0.02552 0.02572 0.02539 0.02558 0.02581 0.02622 0.02593 0.02586 0.02624
  0.02572 0.02678 0.02588 0.02623 0.02559 0.02557 0.02586 0.02629 0.02618
  0.02508 0.02611 0.0259  0.026   0.02644 0.02648 0.0257  0.02565 0.02645
  0.02615 0.0262  0.02722 0.02618 0.02709 0.02823 0.02688 0.02751 0.02749
  0.02894 0.02852 0.0282  0.02841 0.02665 0.02751 0.0286  0.02968 0.02875
  0.02897 0.02884 0.02908 0.02934 0.02933 0.02889 0.02924 0.03026 0.02936
  0.02979 0.02905 0.02954 0.03013 0.03056 0.02929 0.03013 0.03034 0.02981
  0.03033 0.03082 0.02969 0.02964 0.02993 0.03054 0.02928 0.03039 0.02975
  0.02993 0.02923 0.02996 0.02975 0.03048 0.02889 0.0295  0.03085 0.03056
  0.03037 0.0297  0.03059 0.0303  0.03108 0.03137 0.02971 0.03062 0.03121
  0.0309  0.02983 0.02946 0.03012 0.03089 0.03096 0.03025 0.03039 0.03075
  0.03044 0.03112 0.02946 0.02954 0.03017 0.02914 0.03096 0.02886 0.0298
  0.02845 0.03019 0.02958 0.02892 0.02938 0.02822 0.0284  0.02931 0.02925
  0.02847 0.02785 0.02817 0.02772 0.02799 0.02889 0.02823 0.02738 0.02768
  0.02742 0.02714 0.02728 0.02662 0.0276  0.02657 0.02749 0.02664 0.02766
  0.0268  0.02666 0.02736 0.02792 0.02763 0.02648 0.02642 0.02749 0.02767
  0.02709 0.02647 0.02722 0.02742 0.02697 0.02878 0.02802 0.02796 0.02716
  0.02793 0.02755 0.029   0.02792 0.02822 0.02835 0.02934 0.02725 0.02867
  0.02899 0.02875 0.02831 0.02772 0.02859 0.02823 0.02875 0.02896 0.02857
  0.02865 0.02941 0.03021 0.02928 0.02949 0.02992 0.02861 0.02893 0.0292
  0.0291  0.02871 0.03047 0.0295  0.02989 0.03041 0.02976 0.0307  0.02957
  0.03057 0.03075 0.03009 0.03111 0.03033 0.03022 0.03031 0.03146 0.03164
  0.03091 0.0322  0.03196 0.03217 0.03116 0.03207 0.03229 0.03156 0.03293
  0.03203 0.03232 0.03264 0.03261 0.03229 0.03212 0.03307 0.03284 0.03181
  0.03187 0.03411 0.03351 0.03204 0.03324 0.03237 0.03269 0.03267 0.03266
  0.03373 0.03265 0.03375 0.03222 0.03257 0.03179 0.033   0.03201 0.03262
  0.03181 0.03178 0.03195 0.0333  0.0328  0.03285 0.03219 0.03125 0.0322
  0.03058 0.03273 0.03218 0.03146 0.0316  0.03257 0.03229 0.03094 0.03203
  0.03227 0.03231 0.03127 0.03206 0.03149 0.0308  0.03134 0.03134 0.03168
  0.03088 0.03108 0.03057 0.03145 0.03118 0.03099 0.03135 0.03089 0.03088
  0.03086 0.02956 0.03031 0.03033 0.03096 0.03027 0.0311  0.03093 0.03015
  0.02992 0.03132 0.03165 0.02912 0.02987 0.031   0.02994 0.03109 0.0303
  0.02993 0.03008 0.02993 0.03129 0.02972 0.03019 0.03051 0.02962 0.03064
  0.02955 0.02984 0.02988 0.02941 0.02983 0.02962 0.02869 0.03005 0.02965
  0.02963 0.0299  0.02937 0.03069 0.03008 0.02924 0.03016 0.02944 0.02899
  0.02955 0.02977 0.02928 0.02986 0.02857 0.0286  0.02972 0.0296  0.02992
  0.02975 0.03055 0.03038 0.02959 0.02977 0.02927 0.03058 0.02999 0.02902
  0.02969 0.03026 0.0299  0.0297  0.02788 0.031   0.02911 0.03062 0.02896
  0.02889 0.03017 0.02824 0.03002 0.0298  0.03018 0.02983 0.0297  0.03051
  0.03001 0.03096 0.03143 0.03126 0.02963 0.0294  0.03147 0.02939 0.03026
  0.03124 0.03029 0.03072 0.03114 0.03049 0.03112 0.03066 0.031   0.0309
  0.03096 0.03091 0.03028 0.03144 0.03158 0.03092 0.03224 0.03175 0.03073
  0.03204 0.03255 0.03242 0.03197 0.03158 0.03099 0.03281 0.03179 0.03241
  0.03224 0.03278 0.03238 0.03224 0.03338 0.03308 0.03258 0.03234 0.03237
  0.03274 0.0345  0.0328  0.03374 0.0329  0.0329  0.03325 0.03421 0.03483
  0.03436 0.03397 0.03464 0.03496 0.03456 0.03589 0.034   0.03373 0.03544
  0.03486 0.03469 0.03416 0.0346  0.03549 0.03607 0.03612 0.03451 0.03655
  0.03639 0.03685 0.03686 0.03614 0.03558 0.03556 0.03738 0.03766 0.03628
  0.03656 0.03687 0.03667 0.03641 0.03731 0.03695 0.03714 0.03707 0.03848
  0.03763 0.0391  0.03805 0.03866 0.03754 0.03794 0.03808 0.03846 0.03951
  0.03904 0.03853 0.03862 0.03868 0.03949 0.04061 0.03912 0.03912 0.03928
  0.0395  0.03983 0.03965 0.03986 0.04072 0.04134 0.04    0.04042 0.04016
  0.0403  0.04052 0.04153 0.03995 0.0409  0.04051 0.04009 0.04194 0.04122
  0.04042 0.04162 0.04199 0.04138 0.04135 0.04166 0.04099 0.04171 0.04233
  0.04254 0.04197 0.04212 0.04218 0.0423  0.04282 0.04219 0.04212 0.04326
  0.04214 0.04339 0.04349 0.04273 0.04314 0.04427 0.0443  0.04401 0.04343
  0.04435 0.04311 0.04382 0.04433 0.0447  0.0444  0.04403 0.04581 0.04598
  0.04591 0.04459 0.04526 0.04637 0.04723 0.04627 0.0454  0.04743 0.04552
  0.04651 0.0461  0.04658 0.04817 0.04845 0.04708 0.04628 0.04854 0.04804
  0.04828 0.04697 0.04666 0.04823 0.04816 0.04758 0.04959 0.04965 0.04799
  0.04891 0.04943 0.04866 0.05011 0.04714 0.0493  0.04762 0.04822 0.04894
  0.04861 0.04861 0.04866 0.04915 0.04856 0.04937 0.04847 0.04826 0.04909
  0.04863 0.04898 0.04956 0.04897 0.04964 0.04798 0.04849 0.04852 0.04814
  0.04835 0.0485  0.04856 0.0479  0.04781 0.04728 0.04774 0.04737 0.0471
  0.04709 0.04723 0.0481  0.04831 0.04844 0.04705 0.04781 0.04716 0.0471
  0.04667 0.04827 0.04671 0.04786 0.04761 0.04789 0.04614 0.04707 0.04692
  0.04805 0.04617 0.04608 0.04591 0.04632 0.04587 0.04666 0.04655 0.04604
  0.0467  0.04632 0.04735 0.04738 0.04652 0.0464  0.04738 0.04677 0.04724
  0.04666 0.04621 0.04584 0.04579 0.04617 0.04534 0.04589 0.04599 0.04636
  0.04646 0.0458  0.04639 0.04565 0.04572 0.04663 0.04495 0.04546 0.04618
  0.04505 0.04435 0.04558 0.04573 0.04536 0.04553 0.04449 0.04529 0.04516
  0.04494 0.04553 0.04534 0.04493 0.04632 0.04574 0.04575 0.04569 0.046
  0.04644 0.04517 0.04344 0.04518 0.04566 0.04436 0.04387 0.04549 0.04636
  0.04627 0.04563 0.04527 0.04477 0.04394 0.04461 0.04537 0.0457  0.04542
  0.0447  0.04625 0.04509 0.04487 0.04528 0.04487 0.0449  0.04446 0.04514
  0.04534 0.04504 0.04597 0.04418 0.04546 0.04438 0.04473 0.04483 0.04401
  0.04401 0.04382 0.04332 0.04415 0.04393 0.04456 0.04324 0.04359 0.0434
  0.04372 0.04388 0.04441 0.04347 0.04364 0.044   0.04386 0.04312 0.04435
  0.04363 0.04302 0.04318 0.04369 0.04396 0.0438  0.04314 0.04327 0.04344
  0.04355 0.04297 0.04371 0.04385 0.04316 0.04295 0.0422  0.04471 0.04309
  0.04346 0.04249 0.04228 0.04315 0.04309 0.04361 0.04209 0.04217 0.04215
  0.04207 0.04283 0.04341 0.04272 0.04268 0.04092 0.04272 0.0418  0.04106
  0.04091 0.04167 0.04167 0.04201 0.04154 0.04162 0.0412  0.04159 0.0402
  0.04105 0.04236 0.04145 0.04025 0.04093 0.04088 0.0403  0.04085 0.04011
  0.03975 0.04036 0.04079 0.04043 0.04003 0.04027 0.03925 0.03998 0.04032
  0.0396  0.04026 0.04033 0.03919 0.04019 0.03908 0.03953 0.03966 0.03895
  0.03876 0.0387  0.03913 0.03898 0.03868 0.0392  0.03802 0.03868 0.03898
  0.03901 0.0392  0.03847 0.03782 0.03974 0.03867 0.03857 0.03745 0.03788
  0.03818 0.03761 0.0393  0.03902 0.03932 0.03758 0.03784 0.03956 0.03779
  0.03825 0.03755 0.03891 0.03723 0.03742 0.03873 0.03855 0.03718 0.0377
  0.03771 0.03725 0.03757 0.0386  0.03683 0.03802 0.03725 0.03809 0.0377
  0.03779 0.03936 0.03732 0.03767 0.03753 0.03811 0.03841 0.03875 0.03979
  0.03918 0.03906 0.03792 0.03915 0.04015 0.03976 0.03974 0.03941 0.03971
  0.03854 0.03881]
 [0.02194 0.0221  0.0221  0.0226  0.02264 0.02207 0.02295 0.02281 0.02348
  0.02324 0.02273 0.02308 0.0231  0.02246 0.02303 0.02304 0.02338 0.02287
  0.0228  0.02227 0.02245 0.02261 0.02312 0.02213 0.02125 0.02241 0.02201
  0.02219 0.02358 0.02188 0.0228  0.02181 0.02258 0.02178 0.0226  0.02191
  0.02175 0.02177 0.02179 0.02224 0.02195 0.02072 0.02181 0.02178 0.02269
  0.02178 0.02194 0.02154 0.02083 0.02052 0.02261 0.02129 0.02152 0.0219
  0.02147 0.02168 0.02082 0.02113 0.02073 0.02145 0.02087 0.02128 0.02064
  0.0216  0.02116 0.0212  0.02158 0.0207  0.02192 0.02183 0.02114 0.02104
  0.02072 0.02045 0.02096 0.02089 0.02071 0.02078 0.02048 0.02083 0.02031
  0.02024 0.02075 0.02217 0.0201  0.02168 0.01968 0.01954 0.02065 0.02042
  0.02133 0.02023 0.02009 0.02119 0.0207  0.02118 0.0206  0.02065 0.02157
  0.0206  0.02126 0.021   0.02084 0.02156 0.02115 0.02142 0.02128 0.02096
  0.02164 0.02101 0.02203 0.02134 0.02131 0.02078 0.02128 0.02197 0.02177
  0.02174 0.02228 0.02172 0.02167 0.0231  0.02222 0.02304 0.02236 0.0227
  0.0221  0.0235  0.02227 0.02228 0.02267 0.02377 0.02323 0.02301 0.02247
  0.02278 0.02291 0.02345 0.02238 0.02382 0.02356 0.02455 0.02293 0.02349
  0.02356 0.02339 0.02406 0.02267 0.02324 0.02291 0.02431 0.02288 0.02391
  0.02371 0.02405 0.02428 0.02415 0.02368 0.02438 0.02448 0.02437 0.02402
  0.02457 0.02618 0.02489 0.02506 0.02516 0.02477 0.02649 0.02598 0.02601
  0.0262  0.0258  0.02635 0.02702 0.02727 0.02713 0.02608 0.027   0.02696
  0.02698 0.02686 0.0273  0.02714 0.02724 0.02854 0.02779 0.0279  0.02763
  0.02889 0.02964 0.02982 0.02928 0.03041 0.02953 0.02923 0.0304  0.02906
  0.02997 0.03039 0.03028 0.02961 0.02986 0.03075 0.03112 0.03028 0.03115
  0.0302  0.0311  0.03094 0.03153 0.03226 0.03139 0.03181 0.03217 0.0319
  0.03109 0.03164 0.03105 0.03274 0.03363 0.03275 0.03322 0.03196 0.03187
  0.03328 0.03303 0.0329  0.03334 0.03317 0.03327 0.03395 0.03343 0.03328
  0.03417 0.03409 0.03297 0.03418 0.03418 0.03316 0.03256 0.03275 0.03373
  0.03441 0.0339  0.03297 0.03331 0.03399 0.03276 0.0335  0.03394 0.03436
  0.03341 0.03441 0.03384 0.03388 0.03432 0.0341  0.03488 0.03438 0.03447
  0.03328 0.03514 0.03428 0.03272 0.034   0.03328 0.03388 0.03372 0.03329
  0.03281 0.03308 0.03336 0.03294 0.03334 0.03417 0.03424 0.03357 0.03315
  0.03302 0.03401 0.03346 0.03373 0.03328 0.03484 0.03359 0.03481 0.03358
  0.03426 0.03362 0.03325 0.0337  0.03386 0.03438 0.03436 0.0337  0.03422
  0.0341  0.03497 0.03453 0.03492 0.03358 0.03496 0.0352  0.0338  0.03474
  0.03435 0.03423 0.03454 0.03392 0.0341  0.03465 0.03435 0.03435 0.03392
  0.03523 0.03385 0.03413 0.03443 0.03396 0.03456 0.03339 0.03462 0.03461
  0.03506 0.03423 0.03493 0.03356 0.03279 0.03352 0.0344  0.03381 0.03403
  0.03319 0.03183 0.03405 0.0332  0.03286 0.03337 0.03315 0.03413 0.03368
  0.03374 0.0335  0.03281 0.03257 0.03319 0.03281 0.03311 0.0318  0.03276
  0.03237 0.03268 0.03275 0.03321 0.0327  0.03388 0.03229 0.03254 0.03255
  0.03199 0.03336 0.03409 0.03344 0.03282 0.03321 0.03222 0.03391 0.0334
  0.03389 0.0329  0.03311 0.03328 0.03246 0.03334 0.03228 0.03312 0.03372
  0.03326 0.0325  0.03272 0.03235 0.03293 0.03305 0.03279 0.03361 0.03296
  0.03317 0.0326  0.03274 0.03266 0.03395 0.03305 0.03367 0.03298 0.033
  0.03411 0.03326 0.03388 0.03287 0.03299 0.0336  0.03374 0.03414 0.03348
  0.03365 0.0341  0.03353 0.03382 0.03358 0.03421 0.0334  0.03476 0.03448
  0.03534 0.03455 0.0353  0.03444 0.0352  0.03515 0.03566 0.03495 0.03517
  0.03447 0.03532 0.03642 0.03574 0.03573 0.0353  0.03577 0.03566 0.03623
  0.03649 0.03612 0.03675 0.03564 0.03713 0.03682 0.03683 0.03672 0.0388
  0.03697 0.03796 0.03691 0.03766 0.03705 0.03839 0.03822 0.03787 0.03872
  0.03777 0.03754 0.03804 0.03761 0.03827 0.03851 0.03868 0.03807 0.03876
  0.0389  0.03888 0.03876 0.03995 0.0393  0.03965 0.03953 0.04007 0.04031
  0.04038 0.03923 0.04047 0.04062 0.0398  0.04094 0.04032 0.04033 0.04195
  0.04122 0.04093 0.04181 0.04107 0.04272 0.04175 0.04179 0.04172 0.04198
  0.04213 0.04239 0.04147 0.04257 0.0415  0.04267 0.04301 0.04278 0.04188
  0.04261 0.04176 0.04337 0.0431  0.04375 0.0427  0.04302 0.04245 0.04339
  0.04288 0.04399 0.04372 0.04384 0.04431 0.04506 0.04436 0.04463 0.04375
  0.04488 0.04396 0.04469 0.04526 0.04439 0.04545 0.04507 0.0449  0.04562
  0.04438 0.04501 0.04582 0.04645 0.04558 0.04675 0.04636 0.04715 0.04607
  0.04703 0.04634 0.04669 0.04626 0.04755 0.04853 0.04682 0.04653 0.04898
  0.04731 0.04809 0.04868 0.04812 0.04911 0.04869 0.04788 0.04838 0.04852
  0.04862 0.04906 0.0485  0.05023 0.04798 0.0483  0.04982 0.04801 0.04774
  0.04988 0.04919 0.0491  0.04918 0.04874 0.04842 0.04957 0.04901 0.04969
  0.04979 0.0493  0.04985 0.04895 0.05044 0.04837 0.04881 0.0499  0.05043
  0.05044 0.04957 0.04902 0.05047 0.04984 0.04929 0.04987 0.05067 0.04966
  0.05006 0.04899 0.04915 0.05021 0.05013 0.04905 0.05012 0.05047 0.05007
  0.05056 0.05031 0.04995 0.05013 0.05039 0.05196 0.05076 0.05159 0.05102
  0.05108 0.05112 0.05134 0.05153 0.05097 0.05094 0.05193 0.05167 0.05167
  0.05084 0.05184 0.05209 0.05187 0.05085 0.05163 0.05142 0.05191 0.05059
  0.0522  0.05287 0.05237 0.05274 0.0521  0.05231 0.05304 0.05284 0.05271
  0.0517  0.05275 0.05222 0.05302 0.05386 0.05333 0.05353 0.05222 0.05413
  0.05371 0.0541  0.05371 0.05388 0.05477 0.05479 0.05445 0.05559 0.05402
  0.05421 0.05492 0.05498 0.0554  0.05553 0.05627 0.05472 0.05487 0.05564
  0.05588 0.05621 0.05606 0.05666 0.0554  0.05636 0.056   0.05573 0.05681
  0.05714 0.0568  0.05695 0.05801 0.05711 0.05808 0.05742 0.05751 0.05717
  0.05751 0.05806 0.05788 0.05816 0.05838 0.05815 0.05697 0.05892 0.05796
  0.05854 0.05861 0.05904 0.05924 0.05786 0.05838 0.06019 0.05976 0.05985
  0.05875 0.0593  0.05988 0.05937 0.05967 0.05807 0.05947 0.06024 0.06105
  0.05916 0.06054 0.05938 0.05954 0.05994 0.05984 0.05907 0.05929 0.05947
  0.05905 0.05929 0.06026 0.05932 0.06014 0.06032 0.0603  0.06047 0.05984
  0.06091 0.05878 0.05966 0.06085 0.05927 0.0596  0.05998 0.05865 0.05971
  0.0591  0.05878 0.05953 0.05915 0.05916 0.06077 0.05901 0.0588  0.05923
  0.05844 0.05877 0.05792 0.05888 0.05995 0.05839 0.05871 0.0587  0.05794
  0.05918 0.05849 0.05842 0.05721 0.05878 0.05789 0.05913 0.05794 0.05766
  0.05778 0.05866 0.05836 0.05939 0.05735 0.0576  0.05731 0.0586  0.0569
  0.05838 0.05738 0.05794 0.05742 0.05796 0.0581  0.05795 0.05786 0.05769
  0.05742 0.05883 0.05905 0.05778 0.05792 0.05899 0.05786 0.05839 0.05785
  0.05855 0.05922 0.05817 0.05812 0.05881 0.05872 0.05853 0.05956 0.05892
  0.05952 0.05882 0.05869 0.05986 0.05965 0.05923 0.05816 0.05764 0.0582
  0.05789 0.05859 0.05883 0.05962 0.05778 0.05938 0.05879 0.05875 0.05875
  0.05887 0.0597  0.05845 0.05895 0.0589  0.05832 0.05845 0.0567  0.05817
  0.05837 0.05887 0.05826 0.05689 0.05802 0.05726 0.05868 0.05849 0.0589
  0.0582  0.05871 0.05797 0.05893 0.05761 0.05767 0.05691 0.05845 0.05813
  0.0585  0.05796 0.05826 0.05745 0.0579  0.05893 0.05728 0.05691 0.05752
  0.05838 0.05923 0.06037 0.05841 0.05857 0.05801 0.05871 0.05778 0.05839
  0.05835 0.05744 0.05861 0.05986 0.05756 0.05971 0.05809 0.05859 0.05777
  0.05882 0.05871 0.05792 0.05956 0.05887 0.05937 0.05782 0.05845 0.05886
  0.05854 0.05876 0.0585  0.05869 0.05896 0.05922 0.05925 0.05957 0.05898
  0.05892 0.0587  0.05843 0.06015 0.05894 0.05992 0.05869 0.05903 0.05982
  0.05882 0.05878 0.05874 0.0594  0.05973 0.05879 0.06031 0.05989 0.05943
  0.05929 0.05897 0.05814 0.05948 0.05979 0.05919 0.06024 0.05847 0.0593
  0.059   0.06014 0.05982 0.06064 0.0601  0.05841 0.05985 0.05886 0.05973
  0.05913 0.05979 0.05939 0.05923 0.05978 0.06016 0.05966 0.05992 0.06026
  0.06007 0.05979 0.05961 0.05998 0.06067 0.05932 0.05884 0.05854 0.05979
  0.05971 0.05948 0.06032 0.06018 0.0602  0.05961 0.05903 0.06054 0.05862
  0.05996 0.05987 0.05939 0.06017 0.05996 0.05963 0.05904 0.05932 0.06012
  0.05961 0.05953 0.05983 0.05975 0.05963 0.05928 0.06027 0.05997 0.05916
  0.06075 0.06053 0.06123 0.05986 0.06127 0.05966 0.05995 0.06002 0.06132
  0.06093 0.06122 0.06137 0.06148 0.06108 0.06188 0.06188 0.06068 0.06103
  0.06137 0.06161 0.06093 0.06193 0.0621  0.06227 0.06127 0.06144 0.06114
  0.06132 0.06122 0.06264 0.0609  0.06256 0.06203 0.06233 0.06149 0.06206
  0.06238 0.06289]
 [0.02286 0.02361 0.0244  0.02382 0.02406 0.02512 0.02394 0.02402 0.02542
  0.02506 0.0233  0.02336 0.02453 0.0247  0.02442 0.0235  0.02432 0.02417
  0.02428 0.02381 0.02431 0.02401 0.02449 0.02457 0.02364 0.02388 0.02358
  0.02307 0.02434 0.02367 0.02327 0.02416 0.02379 0.02318 0.02405 0.02247
  0.02471 0.02445 0.02387 0.02406 0.02382 0.02422 0.02418 0.0243  0.02416
  0.02358 0.02413 0.02445 0.02306 0.02435 0.02386 0.02396 0.02381 0.02461
  0.024   0.02417 0.02331 0.02376 0.02423 0.02466 0.02369 0.02359 0.02359
  0.02362 0.02348 0.02421 0.02373 0.0243  0.02394 0.02469 0.02303 0.02421
  0.02446 0.0244  0.02439 0.02484 0.02495 0.02511 0.02475 0.02477 0.02482
  0.02521 0.02538 0.02498 0.02442 0.02473 0.02498 0.02515 0.02406 0.02579
  0.02497 0.02431 0.02412 0.02481 0.02415 0.02634 0.02476 0.02473 0.02509
  0.02475 0.02515 0.02424 0.02434 0.02488 0.02595 0.02494 0.02598 0.0257
  0.02503 0.02502 0.025   0.02626 0.02595 0.02581 0.02616 0.0255  0.02538
  0.0254  0.02573 0.02596 0.02644 0.02632 0.0267  0.02538 0.02618 0.02569
  0.02575 0.02629 0.02514 0.02593 0.02566 0.0261  0.02579 0.02618 0.0254
  0.02613 0.02659 0.02575 0.02489 0.02563 0.02555 0.02656 0.02667 0.02651
  0.02548 0.02685 0.02647 0.02657 0.0263  0.02685 0.02642 0.02557 0.02565
  0.02506 0.02557 0.02559 0.02558 0.02613 0.0268  0.02566 0.02491 0.02534
  0.02476 0.02569 0.02556 0.02543 0.02499 0.02484 0.02559 0.02592 0.02461
  0.02476 0.02531 0.02462 0.02468 0.02463 0.0244  0.02439 0.02462 0.02507
  0.02565 0.02518 0.02405 0.02456 0.02367 0.02439 0.02412 0.02448 0.02449
  0.02458 0.02385 0.02466 0.02512 0.0244  0.0241  0.0249  0.02418 0.02491
  0.02431 0.02477 0.02393 0.02397 0.02488 0.02404 0.02436 0.02496 0.0242
  0.02507 0.02409 0.02379 0.02418 0.0247  0.02368 0.02465 0.0246  0.02387
  0.02337 0.02481 0.02383 0.02393 0.02462 0.02432 0.02283 0.02348 0.02409
  0.02343 0.02476 0.02378 0.02318 0.02394 0.02454 0.02369 0.0228  0.02354
  0.02308 0.02341 0.02354 0.02406 0.02332 0.02395 0.0246  0.02312 0.02396
  0.02367 0.02443 0.02323 0.02382 0.02385 0.02384 0.02396 0.02423 0.02424
  0.02416 0.02389 0.02419 0.02413 0.02524 0.02456 0.02424 0.02425 0.02371
  0.02491 0.02388 0.02375 0.02375 0.02453 0.02357 0.02474 0.02295 0.02355
  0.02369 0.02384 0.02386 0.02393 0.02443 0.02494 0.02487 0.02433 0.02399
  0.02447 0.02423 0.02379 0.02332 0.02415 0.02481 0.02483 0.02397 0.02349
  0.02407 0.02403 0.0241  0.02443 0.0249  0.02484 0.02456 0.02447 0.02448
  0.02472 0.02427 0.0246  0.02428 0.02455 0.0241  0.0254  0.02436 0.02446
  0.02411 0.02347 0.02405 0.02405 0.02448 0.02295 0.02363 0.02388 0.02336
  0.02312 0.02386 0.02265 0.02529 0.02333 0.02487 0.02411 0.02445 0.02442
  0.02435 0.02409 0.02599 0.02553 0.02441 0.02356 0.02414 0.02478 0.02519
  0.02418 0.02378 0.02442 0.02474 0.02414 0.02363 0.02453 0.024   0.02423
  0.02411 0.0246  0.02408 0.02422 0.02488 0.02534 0.02443 0.0233  0.02585
  0.02432 0.02495 0.0248  0.02466 0.02486 0.02472 0.024   0.02505 0.02457
  0.02482 0.02568 0.02461 0.02566 0.02508 0.0254  0.02517 0.02585 0.02541
  0.02499 0.02484 0.02513 0.02478 0.02607 0.02493 0.02457 0.02482 0.02557
  0.02638 0.02533 0.02549 0.02532 0.02565 0.02655 0.02629 0.02641 0.02697
  0.0253  0.02596 0.02724 0.02747 0.02707 0.02583 0.0267  0.02731 0.02659
  0.02715 0.02673 0.02736 0.02819 0.02796 0.02795 0.02703 0.02773 0.02737
  0.02734 0.02749 0.02722 0.02823 0.02718 0.02692 0.02734 0.02767 0.02801
  0.02784 0.02734 0.02766 0.02782 0.02791 0.02775 0.02742 0.02737 0.02896
  0.02858 0.02788 0.02789 0.02869 0.02781 0.02815 0.02832 0.0288  0.02741
  0.02826 0.0288  0.02868 0.02813 0.02767 0.02918 0.02838 0.02947 0.02948
  0.02857 0.0292  0.02834 0.02863 0.02798 0.03012 0.02978 0.02916 0.02929
  0.02967 0.02934 0.03028 0.03011 0.03101 0.02896 0.02976 0.03064 0.03056
  0.03043 0.03046 0.03194 0.03021 0.03115 0.03061 0.0315  0.03154 0.03143
  0.03078 0.03146 0.03218 0.03198 0.03141 0.03201 0.03145 0.03223 0.03261
  0.03344 0.03215 0.03353 0.03234 0.03302 0.03224 0.03314 0.03296 0.03315
  0.0328  0.03312 0.0339  0.03347 0.03309 0.03338 0.03483 0.0342  0.03424
  0.03378 0.0346  0.03442 0.03426 0.0351  0.0337  0.03425 0.03524 0.0342
  0.03459 0.03455 0.03596 0.03466 0.0353  0.03531 0.03493 0.03524 0.03472
  0.03452 0.03606 0.03595 0.03608 0.03635 0.03607 0.03569 0.0362  0.03763
  0.03576 0.03698 0.03574 0.03658 0.03674 0.03675 0.03732 0.03688 0.03892
  0.0367  0.03745 0.03684 0.03689 0.03644 0.03811 0.03713 0.03734 0.03761
  0.03825 0.03818 0.0375  0.03885 0.03937 0.03935 0.0375  0.03831 0.03832
  0.03832 0.03753 0.03806 0.03878 0.03883 0.03856 0.03798 0.03782 0.03884
  0.03772 0.0381  0.0383  0.03904 0.03912 0.03934 0.03977 0.03957 0.03957
  0.03888 0.03997 0.03901 0.03871 0.04011 0.03976 0.03909 0.04033 0.0407
  0.03966 0.0404  0.04029 0.03982 0.04078 0.04136 0.04083 0.04097 0.04056
  0.0427  0.04194 0.04085 0.04249 0.04092 0.04156 0.04242 0.04111 0.04092
  0.04118 0.04294 0.04219 0.04206 0.04289 0.04271 0.04273 0.04307 0.04284
  0.04299 0.04307 0.04343 0.04318 0.0435  0.04311 0.04267 0.04268 0.04402
  0.04325 0.04403 0.04364 0.04414 0.04353 0.04465 0.04476 0.04422 0.04521
  0.04465 0.04388 0.04488 0.04591 0.04593 0.04531 0.04581 0.04571 0.04476
  0.04611 0.04466 0.04633 0.04499 0.04544 0.04497 0.04603 0.04695 0.04603
  0.04644 0.04482 0.04694 0.04663 0.04703 0.04636 0.04733 0.04701 0.04674
  0.04601 0.04737 0.04777 0.04696 0.04703 0.04692 0.04764 0.04795 0.04777
  0.04808 0.04841 0.04845 0.04844 0.04965 0.04919 0.04998 0.04948 0.04989
  0.04925 0.04968 0.04942 0.04997 0.0493  0.05004 0.05063 0.05056 0.05056
  0.05099 0.05178 0.05136 0.05178 0.05122 0.05251 0.05284 0.05217 0.05141
  0.05212 0.05237 0.053   0.05258 0.05295 0.05378 0.05262 0.05209 0.05269
  0.0534  0.05256 0.05306 0.05377 0.05396 0.05291 0.05543 0.05479 0.05508
  0.05446 0.05461 0.05401 0.05504 0.05493 0.05506 0.05323 0.05654 0.05529
  0.05504 0.05532 0.05493 0.0552  0.05514 0.05465 0.0545  0.05561 0.05464
  0.05612 0.05589 0.05578 0.05535 0.0552  0.05532 0.05534 0.05511 0.05544
  0.05616 0.05482 0.05491 0.05613 0.05574 0.056   0.05521 0.05498 0.05574
  0.05468 0.05456 0.05547 0.05422 0.05534 0.05486 0.05604 0.05386 0.05407
  0.05438 0.05531 0.05429 0.05508 0.05528 0.05495 0.05346 0.05504 0.0542
  0.0547  0.05392 0.05324 0.0531  0.05337 0.05441 0.0542  0.05417 0.05296
  0.05453 0.05308 0.0542  0.05278 0.05346 0.05309 0.05219 0.05402 0.0527
  0.05369 0.0544  0.05389 0.05369 0.05359 0.05377 0.05404 0.05349 0.05313
  0.05283 0.05456 0.05348 0.0522  0.05335 0.05305 0.0528  0.05314 0.05283
  0.05427 0.05402 0.05313 0.05335 0.0525  0.05248 0.05282 0.052   0.05282
  0.05224 0.05269 0.05348 0.05274 0.05204 0.05211 0.05269 0.05204 0.05368
  0.05215 0.05181 0.05231 0.05267 0.05245 0.0536  0.05247 0.05287 0.05173
  0.05302 0.05228 0.05254 0.05211 0.05245 0.05297 0.0524  0.05348 0.05258
  0.05273 0.05229 0.05291 0.05371 0.05187 0.05283 0.0536  0.05254 0.05246
  0.05158 0.05439 0.05272 0.05306 0.05369 0.05428 0.05225 0.05318 0.05276
  0.05225 0.05269 0.05192 0.0527  0.0527  0.05225 0.05259 0.05345 0.05221
  0.05309 0.05303 0.05323 0.05364 0.05219 0.05223 0.05234 0.05146 0.05255
  0.05272 0.05177 0.05101 0.05143 0.05173 0.05167 0.05116 0.05092 0.05169
  0.05126 0.05002 0.05054 0.05122 0.05074 0.05101 0.05084 0.05083 0.04997
  0.05035 0.04982 0.05047 0.04892 0.0498  0.04923 0.04984 0.05055 0.04892
  0.04932 0.05029 0.04916 0.05    0.05031 0.04909 0.04974 0.04911 0.0484
  0.04874 0.04847 0.04862 0.04871 0.04804 0.04755 0.04772 0.04767 0.04811
  0.04734 0.04784 0.04785 0.04786 0.04843 0.04723 0.04832 0.04704 0.04754
  0.04852 0.0467  0.04842 0.04815 0.04867 0.04703 0.04785 0.04695 0.04709
  0.04723 0.04638 0.04699 0.0465  0.04675 0.04605 0.04595 0.04662 0.04501
  0.04586 0.04721 0.04522 0.04664 0.04618 0.04555 0.04646 0.04527 0.04512
  0.04502 0.04526 0.04491 0.04637 0.04427 0.04576 0.04407 0.04537 0.04474
  0.04504 0.04496 0.0451  0.04477 0.0443  0.04466 0.04528 0.04511 0.04383
  0.04513 0.04511 0.04468 0.04415 0.04405 0.04398 0.04511 0.04502 0.04452
  0.04334 0.04359 0.04339 0.04289 0.0447  0.04536 0.04473 0.04395 0.04443
  0.04451 0.04528 0.04441 0.04433 0.04473 0.04516 0.04569 0.0461  0.04509
  0.04649 0.04396 0.0461  0.04539 0.0449  0.046   0.0476  0.04639 0.04651
  0.04656 0.04661]
 [0.02214 0.02352 0.02283 0.02266 0.02292 0.02279 0.02331 0.02415 0.02253
  0.02261 0.02275 0.02346 0.02348 0.02322 0.02256 0.02355 0.02393 0.02319
  0.02348 0.02324 0.02283 0.02258 0.02217 0.02304 0.02248 0.02291 0.02252
  0.0211  0.02238 0.02195 0.02184 0.02161 0.02239 0.02295 0.02258 0.02289
  0.02234 0.022   0.02208 0.02127 0.02223 0.02168 0.02166 0.02271 0.022
  0.02264 0.02196 0.02216 0.02173 0.02172 0.02276 0.022   0.02176 0.02157
  0.02194 0.02165 0.02146 0.02209 0.02105 0.0221  0.02102 0.02065 0.02199
  0.02088 0.02232 0.02235 0.02188 0.02176 0.02131 0.0217  0.0212  0.02199
  0.02172 0.02171 0.0218  0.02111 0.02227 0.02094 0.0216  0.02148 0.0215
  0.02182 0.02117 0.02213 0.02213 0.02237 0.02101 0.02104 0.02147 0.02121
  0.02184 0.02111 0.02089 0.02144 0.02154 0.02207 0.02189 0.0211  0.02169
  0.0219  0.02139 0.02095 0.02192 0.02221 0.02185 0.02169 0.02228 0.02161
  0.02195 0.02368 0.02144 0.02208 0.02225 0.02271 0.02215 0.02266 0.02347
  0.02285 0.02296 0.0236  0.02283 0.02378 0.02317 0.02318 0.02339 0.02366
  0.02263 0.02455 0.02364 0.02324 0.02352 0.0228  0.02393 0.02446 0.023
  0.02381 0.02374 0.02405 0.0237  0.02446 0.02471 0.02403 0.02463 0.02533
  0.0239  0.02508 0.0251  0.02531 0.02496 0.02495 0.0252  0.02512 0.02477
  0.02542 0.02501 0.02468 0.02525 0.0264  0.02581 0.02614 0.02607 0.02582
  0.02651 0.02718 0.02611 0.02607 0.02699 0.02621 0.02767 0.02648 0.02749
  0.02776 0.02775 0.02733 0.02747 0.02871 0.02817 0.02654 0.02813 0.02818
  0.02856 0.02955 0.02866 0.02867 0.02907 0.02935 0.02965 0.02982 0.03077
  0.02886 0.0309  0.03107 0.03078 0.02959 0.03065 0.03123 0.03233 0.03219
  0.03174 0.03183 0.03173 0.03204 0.03098 0.03203 0.03263 0.03144 0.03259
  0.03278 0.03349 0.03265 0.0327  0.03279 0.03312 0.03338 0.03349 0.03349
  0.03367 0.03463 0.03441 0.03461 0.03417 0.03314 0.03453 0.03391 0.03376
  0.0345  0.0345  0.03595 0.03468 0.03491 0.03515 0.03502 0.03598 0.03661
  0.0358  0.03497 0.03645 0.03488 0.0358  0.03616 0.03678 0.03575 0.03506
  0.03746 0.03692 0.0365  0.03561 0.03687 0.03593 0.03589 0.03708 0.03721
  0.03588 0.03641 0.03705 0.03621 0.03639 0.03622 0.0367  0.03719 0.0361
  0.03718 0.03715 0.03725 0.03741 0.03837 0.03629 0.03709 0.03638 0.03708
  0.03721 0.03735 0.03678 0.03781 0.03726 0.0371  0.03832 0.03671 0.03699
  0.03849 0.03687 0.0372  0.03728 0.03776 0.03759 0.03752 0.03738 0.03793
  0.03784 0.03746 0.03866 0.0392  0.03823 0.03704 0.03745 0.03848 0.03829
  0.0387  0.03812 0.03869 0.03873 0.03744 0.03905 0.03914 0.03905 0.03897
  0.03906 0.03938 0.03959 0.03889 0.0394  0.04019 0.0398  0.03938 0.03876
  0.04046 0.03972 0.04043 0.03869 0.03907 0.03932 0.03847 0.03994 0.04037
  0.03934 0.0395  0.03975 0.03923 0.03984 0.03946 0.04002 0.04004 0.03974
  0.03921 0.03923 0.03896 0.0405  0.03887 0.03994 0.04017 0.03959 0.04042
  0.04017 0.03999 0.04053 0.0409  0.04062 0.03874 0.04049 0.04047 0.04122
  0.04079 0.0416  0.0412  0.0413  0.04103 0.04155 0.04062 0.04156 0.04146
  0.04205 0.04074 0.04245 0.04118 0.04112 0.04157 0.04173 0.04139 0.04114
  0.04118 0.04164 0.04161 0.04187 0.04206 0.04202 0.04144 0.04262 0.04217
  0.04233 0.04014 0.0422  0.04193 0.04068 0.04172 0.04254 0.04231 0.04157
  0.04091 0.04201 0.04234 0.04074 0.0417  0.04092 0.04197 0.0403  0.04047
  0.04092 0.04181 0.04204 0.0412  0.04069 0.04124 0.04172 0.0412  0.04178
  0.0418  0.04124 0.04309 0.04189 0.04092 0.04195 0.04195 0.04183 0.04276
  0.04195 0.04265 0.04076 0.04265 0.04203 0.04171 0.0418  0.04112 0.04245
  0.04223 0.04117 0.04215 0.04189 0.04222 0.04226 0.04348 0.0423  0.0429
  0.04251 0.04295 0.04324 0.04233 0.04336 0.04319 0.04328 0.04237 0.04344
  0.04378 0.04339 0.04487 0.04433 0.04383 0.04479 0.04379 0.04426 0.04461
  0.04426 0.04439 0.04389 0.0455  0.04454 0.04523 0.04393 0.04376 0.04572
  0.04585 0.04604 0.04581 0.04541 0.04626 0.04579 0.04633 0.04561 0.04667
  0.04592 0.04672 0.0475  0.04654 0.04605 0.04673 0.04701 0.04694 0.04698
  0.04685 0.04711 0.04734 0.0481  0.04775 0.04706 0.04755 0.04623 0.04739
  0.04643 0.04761 0.04812 0.04665 0.04791 0.0484  0.04782 0.04774 0.04855
  0.04732 0.0478  0.04676 0.04728 0.04728 0.04797 0.04828 0.04785 0.04813
  0.04791 0.04809 0.048   0.04834 0.0483  0.04859 0.048   0.0482  0.04921
  0.04878 0.04911 0.04773 0.04778 0.04958 0.05003 0.05021 0.04968 0.04841
  0.04916 0.04888 0.0499  0.05059 0.04969 0.04988 0.05018 0.05041 0.05052
  0.05115 0.05163 0.05128 0.0513  0.05136 0.05258 0.05244 0.0511  0.05124
  0.05165 0.05161 0.05266 0.05199 0.05225 0.05152 0.05274 0.05239 0.05211
  0.05155 0.05261 0.0522  0.0522  0.05306 0.05138 0.05219 0.05321 0.05239
  0.05204 0.05373 0.05248 0.05284 0.05261 0.05388 0.05279 0.05205 0.05222
  0.05247 0.05277 0.05244 0.0517  0.05315 0.05335 0.05353 0.05236 0.05407
  0.05348 0.05404 0.05336 0.05275 0.05328 0.05224 0.05305 0.05383 0.05373
  0.05269 0.05253 0.05379 0.05273 0.05353 0.05278 0.05374 0.05308 0.05424
  0.05392 0.05411 0.05345 0.05431 0.05382 0.0533  0.05348 0.05432 0.05323
  0.05454 0.0533  0.05333 0.05478 0.05385 0.05387 0.05354 0.05318 0.05401
  0.05377 0.05366 0.05467 0.05389 0.05468 0.0548  0.05436 0.05392 0.05413
  0.05364 0.05411 0.05369 0.05475 0.05556 0.05485 0.05408 0.05544 0.05525
  0.05548 0.05446 0.05453 0.05583 0.05543 0.05536 0.05474 0.05514 0.05585
  0.05717 0.05657 0.05518 0.056   0.05575 0.05659 0.05588 0.05624 0.05674
  0.05816 0.05611 0.05603 0.05669 0.05667 0.05732 0.05754 0.05707 0.05593
  0.0574  0.05673 0.05753 0.05732 0.05825 0.05839 0.05818 0.0571  0.0572
  0.05843 0.05828 0.05762 0.05852 0.05815 0.05853 0.05866 0.05912 0.06042
  0.05839 0.05899 0.0588  0.05971 0.05892 0.05952 0.06012 0.0596  0.05958
  0.06088 0.0606  0.06039 0.06192 0.06    0.06083 0.06054 0.05856 0.05977
  0.06078 0.06015 0.05896 0.06116 0.06058 0.06013 0.06114 0.06113 0.05947
  0.06093 0.06106 0.05998 0.06045 0.0603  0.05998 0.0595  0.06071 0.06084
  0.06016 0.06091 0.06006 0.06079 0.06064 0.06013 0.05974 0.05992 0.0606
  0.05963 0.0602  0.06009 0.05982 0.06098 0.05949 0.05893 0.05881 0.05882
  0.05897 0.05992 0.05971 0.05984 0.05927 0.05968 0.05909 0.05898 0.05865
  0.05797 0.0591  0.0576  0.05865 0.05858 0.05935 0.05769 0.05754 0.05808
  0.05801 0.05774 0.05886 0.05827 0.05708 0.0577  0.05697 0.05794 0.05806
  0.05775 0.05812 0.0553  0.05861 0.05651 0.05704 0.05644 0.05719 0.05769
  0.05644 0.05734 0.05672 0.05659 0.05594 0.05692 0.0563  0.05655 0.0567
  0.05748 0.05534 0.05481 0.05674 0.0548  0.05552 0.05646 0.05676 0.05569
  0.05588 0.05616 0.05529 0.05692 0.0557  0.05618 0.0556  0.05696 0.05543
  0.05642 0.05653 0.05694 0.05651 0.05699 0.05643 0.05586 0.05584 0.05544
  0.05628 0.05594 0.0566  0.05529 0.05697 0.05615 0.05619 0.0573  0.05746
  0.05557 0.05705 0.05565 0.05699 0.05633 0.05633 0.05531 0.05586 0.05614
  0.05597 0.05577 0.05625 0.05714 0.05676 0.05684 0.05699 0.05699 0.05687
  0.05616 0.05684 0.05574 0.05553 0.0557  0.05666 0.05571 0.05606 0.05619
  0.05661 0.05578 0.05591 0.05594 0.05543 0.05565 0.05616 0.05551 0.05612
  0.05731 0.0559  0.05615 0.0565  0.05633 0.05502 0.05702 0.05705 0.05557
  0.05712 0.05566 0.05631 0.057   0.05565 0.05676 0.05634 0.05732 0.05652
  0.05637 0.0553  0.0568  0.05525 0.05577 0.05625 0.05673 0.05588 0.05569
  0.05633 0.05692 0.05769 0.05657 0.05714 0.0558  0.05642 0.05684 0.05592
  0.05714 0.05628 0.05727 0.05631 0.05596 0.05673 0.05634 0.05631 0.05595
  0.05665 0.05628 0.05625 0.05662 0.05663 0.05657 0.05603 0.05626 0.05581
  0.05582 0.05609 0.05662 0.05782 0.05657 0.05643 0.05629 0.05603 0.0553
  0.05702 0.05685 0.05682 0.05645 0.05612 0.05546 0.05658 0.05623 0.05629
  0.05588 0.0556  0.05634 0.05543 0.05669 0.05598 0.05601 0.0565  0.05563
  0.0559  0.05675 0.05576 0.05547 0.05617 0.05711 0.05749 0.05642 0.05683
  0.05539 0.05669 0.05643 0.05527 0.05656 0.05618 0.05574 0.05598 0.05608
  0.05685 0.05636 0.05514 0.05548 0.05575 0.05701 0.05532 0.05654 0.05469
  0.05445 0.0562  0.05532 0.05604 0.05604 0.05724 0.0564  0.05503 0.05586
  0.05646 0.05645 0.05631 0.05584 0.05544 0.05546 0.05623 0.05547 0.05767
  0.05682 0.05663 0.05588 0.05602 0.05579 0.05647 0.05594 0.05674 0.05561
  0.05672 0.05693 0.05756 0.05605 0.05611 0.0565  0.05698 0.05671 0.05653
  0.05766 0.05545 0.05729 0.05663 0.0557  0.05707 0.05677 0.05843 0.05712
  0.05678 0.05729]]
Mean: 0.04425, Std Dev: 0.01704
